structure matrix
36 
20 
10 
3 
--------------
digit_encoding matrix
0.1 0.9 0.9 0.9 0.9 0.9 0.9 0.9 0.9 0.9 
0.9 0.1 0.9 0.9 0.9 0.9 0.9 0.9 0.9 0.9 
0.9 0.9 0.1 0.9 0.9 0.9 0.9 0.9 0.9 0.9 
0.9 0.9 0.9 0.1 0.9 0.9 0.9 0.9 0.9 0.9 
0.9 0.9 0.9 0.9 0.1 0.9 0.9 0.9 0.9 0.9 
0.9 0.9 0.9 0.9 0.9 0.1 0.9 0.9 0.9 0.9 
0.9 0.9 0.9 0.9 0.9 0.9 0.1 0.9 0.9 0.9 
0.9 0.9 0.9 0.9 0.9 0.9 0.9 0.1 0.9 0.9 
0.9 0.9 0.9 0.9 0.9 0.9 0.9 0.9 0.1 0.9 
0.9 0.9 0.9 0.9 0.9 0.9 0.9 0.9 0.9 0.1 
--------------
Train input matrix
0.9 0.1 0.1 0.1 0.1 0.9 0.1 0.1 0.9 0.9 0.1 0.1 0.9 0.9 0.9 0.9 0.1 0.1 0.9 0.9 0.1 0.1 0.1 0.9 0.9 0.1 0.1 0.9 0.9 0.9 0.1 0.1 0.1 0.1 0.1 0.1 
0.9 0.1 0.1 0.1 0.1 0.9 0.1 0.1 0.9 0.9 0.1 0.1 0.9 0.9 0.9 0.9 0.1 0.1 0.9 0.9 0.1 0.1 0.1 0.9 0.9 0.1 0.1 0.9 0.9 0.9 0.1 0.1 0.1 0.1 0.1 0.1 
0.9 0.1 0.1 0.1 0.1 0.9 0.1 0.1 0.9 0.9 0.1 0.1 0.9 0.9 0.9 0.9 0.1 0.1 0.9 0.9 0.1 0.1 0.1 0.9 0.9 0.1 0.1 0.9 0.9 0.9 0.1 0.1 0.1 0.1 0.1 0.1 
0.9 0.1 0.1 0.1 0.1 0.9 0.1 0.1 0.9 0.9 0.1 0.1 0.1 0.1 0.9 0.9 0.1 0.1 0.1 0.1 0.9 0.9 0.1 0.1 0.1 0.1 0.9 0.9 0.1 0.1 0.9 0.1 0.1 0.1 0.1 0.9 
0.9 0.1 0.1 0.1 0.1 0.9 0.1 0.1 0.9 0.9 0.1 0.1 0.1 0.1 0.9 0.9 0.1 0.1 0.1 0.1 0.9 0.9 0.1 0.1 0.1 0.1 0.9 0.9 0.1 0.1 0.9 0.1 0.1 0.1 0.1 0.9 
0.9 0.1 0.1 0.1 0.1 0.9 0.1 0.1 0.9 0.9 0.1 0.1 0.1 0.1 0.9 0.9 0.1 0.1 0.1 0.1 0.9 0.9 0.1 0.1 0.1 0.1 0.9 0.9 0.1 0.1 0.9 0.1 0.1 0.1 0.1 0.9 
0.9 0.9 0.1 0.1 0.9 0.9 0.9 0.9 0.1 0.1 0.9 0.9 0.9 0.9 0.1 0.1 0.9 0.9 0.9 0.9 0.1 0.1 0.9 0.9 0.9 0.9 0.1 0.1 0.9 0.9 0.9 0.9 0.1 0.1 0.9 0.9 
0.9 0.1 0.1 0.1 0.1 0.9 0.1 0.1 0.9 0.9 0.1 0.1 0.1 0.1 0.9 0.9 0.1 0.1 0.1 0.1 0.9 0.9 0.1 0.1 0.1 0.1 0.9 0.9 0.1 0.1 0.9 0.1 0.1 0.1 0.1 0.9 
0.9 0.1 0.1 0.1 0.1 0.9 0.1 0.1 0.9 0.9 0.1 0.1 0.1 0.1 0.9 0.9 0.1 0.1 0.1 0.1 0.9 0.9 0.1 0.1 0.1 0.1 0.9 0.9 0.1 0.1 0.9 0.1 0.1 0.1 0.1 0.9 
0.9 0.1 0.1 0.1 0.1 0.9 0.1 0.1 0.9 0.9 0.1 0.1 0.9 0.9 0.9 0.9 0.1 0.1 0.9 0.9 0.1 0.1 0.1 0.9 0.9 0.1 0.1 0.9 0.9 0.9 0.1 0.1 0.1 0.1 0.1 0.1 
0.9 0.9 0.1 0.1 0.9 0.9 0.9 0.9 0.1 0.1 0.9 0.9 0.9 0.9 0.1 0.1 0.9 0.9 0.9 0.9 0.1 0.1 0.9 0.9 0.9 0.9 0.1 0.1 0.9 0.9 0.9 0.9 0.1 0.1 0.9 0.9 
0.9 0.1 0.1 0.1 0.1 0.9 0.1 0.1 0.9 0.9 0.1 0.1 0.9 0.9 0.9 0.9 0.1 0.1 0.9 0.9 0.1 0.1 0.1 0.9 0.9 0.1 0.1 0.9 0.9 0.9 0.1 0.1 0.1 0.1 0.1 0.1 
0.9 0.9 0.1 0.1 0.9 0.9 0.9 0.9 0.1 0.1 0.9 0.9 0.9 0.9 0.1 0.1 0.9 0.9 0.9 0.9 0.1 0.1 0.9 0.9 0.9 0.9 0.1 0.1 0.9 0.9 0.9 0.9 0.1 0.1 0.9 0.9 
0.9 0.1 0.1 0.1 0.1 0.9 0.1 0.1 0.9 0.9 0.1 0.1 0.1 0.1 0.9 0.9 0.1 0.1 0.1 0.1 0.9 0.9 0.1 0.1 0.1 0.1 0.9 0.9 0.1 0.1 0.9 0.1 0.1 0.1 0.1 0.9 
0.9 0.1 0.1 0.1 0.1 0.9 0.1 0.1 0.9 0.9 0.1 0.1 0.1 0.1 0.9 0.9 0.1 0.1 0.1 0.1 0.9 0.9 0.1 0.1 0.1 0.1 0.9 0.9 0.1 0.1 0.9 0.1 0.1 0.1 0.1 0.9 
0.9 0.9 0.1 0.1 0.9 0.9 0.9 0.9 0.1 0.1 0.9 0.9 0.9 0.9 0.1 0.1 0.9 0.9 0.9 0.9 0.1 0.1 0.9 0.9 0.9 0.9 0.1 0.1 0.9 0.9 0.9 0.9 0.1 0.1 0.9 0.9 
0.9 0.9 0.1 0.1 0.9 0.9 0.9 0.9 0.1 0.1 0.9 0.9 0.9 0.9 0.1 0.1 0.9 0.9 0.9 0.9 0.1 0.1 0.9 0.9 0.9 0.9 0.1 0.1 0.9 0.9 0.9 0.9 0.1 0.1 0.9 0.9 
0.9 0.9 0.1 0.1 0.9 0.9 0.9 0.9 0.1 0.1 0.9 0.9 0.9 0.9 0.1 0.1 0.9 0.9 0.9 0.9 0.1 0.1 0.9 0.9 0.9 0.9 0.1 0.1 0.9 0.9 0.9 0.9 0.1 0.1 0.9 0.9 
0.9 0.1 0.1 0.1 0.1 0.9 0.1 0.1 0.9 0.9 0.1 0.1 0.9 0.9 0.9 0.9 0.1 0.1 0.9 0.9 0.1 0.1 0.1 0.9 0.9 0.1 0.1 0.9 0.9 0.9 0.1 0.1 0.1 0.1 0.1 0.1 
0.9 0.1 0.1 0.1 0.1 0.9 0.1 0.1 0.9 0.9 0.1 0.1 0.9 0.9 0.9 0.9 0.1 0.1 0.9 0.9 0.1 0.1 0.1 0.9 0.9 0.1 0.1 0.9 0.9 0.9 0.1 0.1 0.1 0.1 0.1 0.1 
0.9 0.1 0.1 0.1 0.1 0.9 0.1 0.1 0.9 0.9 0.1 0.1 0.9 0.9 0.9 0.9 0.1 0.1 0.9 0.9 0.1 0.1 0.1 0.9 0.9 0.1 0.1 0.9 0.9 0.9 0.1 0.1 0.1 0.1 0.1 0.1 
0.9 0.9 0.1 0.1 0.9 0.9 0.9 0.9 0.1 0.1 0.9 0.9 0.9 0.9 0.1 0.1 0.9 0.9 0.9 0.9 0.1 0.1 0.9 0.9 0.9 0.9 0.1 0.1 0.9 0.9 0.9 0.9 0.1 0.1 0.9 0.9 
0.9 0.9 0.1 0.1 0.9 0.9 0.9 0.9 0.1 0.1 0.9 0.9 0.9 0.9 0.1 0.1 0.9 0.9 0.9 0.9 0.1 0.1 0.9 0.9 0.9 0.9 0.1 0.1 0.9 0.9 0.9 0.9 0.1 0.1 0.9 0.9 
0.9 0.1 0.1 0.1 0.1 0.9 0.1 0.1 0.9 0.9 0.1 0.1 0.9 0.9 0.9 0.9 0.1 0.1 0.9 0.9 0.1 0.1 0.1 0.9 0.9 0.1 0.1 0.9 0.9 0.9 0.1 0.1 0.1 0.1 0.1 0.1 
0.9 0.9 0.1 0.1 0.9 0.9 0.9 0.9 0.1 0.1 0.9 0.9 0.9 0.9 0.1 0.1 0.9 0.9 0.9 0.9 0.1 0.1 0.9 0.9 0.9 0.9 0.1 0.1 0.9 0.9 0.9 0.9 0.1 0.1 0.9 0.9 
0.9 0.1 0.1 0.1 0.1 0.9 0.1 0.1 0.9 0.9 0.1 0.1 0.1 0.1 0.9 0.9 0.1 0.1 0.1 0.1 0.9 0.9 0.1 0.1 0.1 0.1 0.9 0.9 0.1 0.1 0.9 0.1 0.1 0.1 0.1 0.9 
0.9 0.9 0.1 0.1 0.9 0.9 0.9 0.9 0.1 0.1 0.9 0.9 0.9 0.9 0.1 0.1 0.9 0.9 0.9 0.9 0.1 0.1 0.9 0.9 0.9 0.9 0.1 0.1 0.9 0.9 0.9 0.9 0.1 0.1 0.9 0.9 
0.9 0.9 0.1 0.1 0.9 0.9 0.9 0.9 0.1 0.1 0.9 0.9 0.9 0.9 0.1 0.1 0.9 0.9 0.9 0.9 0.1 0.1 0.9 0.9 0.9 0.9 0.1 0.1 0.9 0.9 0.9 0.9 0.1 0.1 0.9 0.9 
0.9 0.1 0.1 0.1 0.1 0.9 0.1 0.1 0.9 0.9 0.1 0.1 0.9 0.9 0.9 0.9 0.1 0.1 0.9 0.9 0.1 0.1 0.1 0.9 0.9 0.1 0.1 0.9 0.9 0.9 0.1 0.1 0.1 0.1 0.1 0.1 
0.9 0.9 0.1 0.1 0.9 0.9 0.9 0.9 0.1 0.1 0.9 0.9 0.9 0.9 0.1 0.1 0.9 0.9 0.9 0.9 0.1 0.1 0.9 0.9 0.9 0.9 0.1 0.1 0.9 0.9 0.9 0.9 0.1 0.1 0.9 0.9 
0.9 0.1 0.1 0.1 0.1 0.9 0.1 0.1 0.9 0.9 0.1 0.1 0.9 0.9 0.9 0.9 0.1 0.1 0.9 0.9 0.1 0.1 0.1 0.9 0.9 0.1 0.1 0.9 0.9 0.9 0.1 0.1 0.1 0.1 0.1 0.1 
0.9 0.1 0.1 0.1 0.1 0.9 0.1 0.1 0.9 0.9 0.1 0.1 0.9 0.9 0.9 0.9 0.1 0.1 0.9 0.9 0.1 0.1 0.1 0.9 0.9 0.1 0.1 0.9 0.9 0.9 0.1 0.1 0.1 0.1 0.1 0.1 
0.9 0.1 0.1 0.1 0.1 0.9 0.1 0.1 0.9 0.9 0.1 0.1 0.9 0.9 0.9 0.9 0.1 0.1 0.9 0.9 0.1 0.1 0.1 0.9 0.9 0.1 0.1 0.9 0.9 0.9 0.1 0.1 0.1 0.1 0.1 0.1 
0.9 0.1 0.1 0.1 0.1 0.9 0.1 0.1 0.9 0.9 0.1 0.1 0.9 0.9 0.9 0.9 0.1 0.1 0.9 0.9 0.1 0.1 0.1 0.9 0.9 0.1 0.1 0.9 0.9 0.9 0.1 0.1 0.1 0.1 0.1 0.1 
0.9 0.1 0.1 0.1 0.1 0.9 0.1 0.1 0.9 0.9 0.1 0.1 0.1 0.1 0.9 0.9 0.1 0.1 0.1 0.1 0.9 0.9 0.1 0.1 0.1 0.1 0.9 0.9 0.1 0.1 0.9 0.1 0.1 0.1 0.1 0.9 
0.9 0.1 0.1 0.1 0.1 0.9 0.1 0.1 0.9 0.9 0.1 0.1 0.1 0.1 0.9 0.9 0.1 0.1 0.1 0.1 0.9 0.9 0.1 0.1 0.1 0.1 0.9 0.9 0.1 0.1 0.9 0.1 0.1 0.1 0.1 0.9 
0.9 0.1 0.1 0.1 0.1 0.9 0.1 0.1 0.9 0.9 0.1 0.1 0.1 0.1 0.9 0.9 0.1 0.1 0.1 0.1 0.9 0.9 0.1 0.1 0.1 0.1 0.9 0.9 0.1 0.1 0.9 0.1 0.1 0.1 0.1 0.9 
0.9 0.1 0.1 0.1 0.1 0.9 0.1 0.1 0.9 0.9 0.1 0.1 0.1 0.1 0.9 0.9 0.1 0.1 0.1 0.1 0.9 0.9 0.1 0.1 0.1 0.1 0.9 0.9 0.1 0.1 0.9 0.1 0.1 0.1 0.1 0.9 
0.9 0.1 0.1 0.1 0.1 0.9 0.1 0.1 0.9 0.9 0.1 0.1 0.1 0.1 0.9 0.9 0.1 0.1 0.1 0.1 0.9 0.9 0.1 0.1 0.1 0.1 0.9 0.9 0.1 0.1 0.9 0.1 0.1 0.1 0.1 0.9 
0.9 0.9 0.1 0.1 0.9 0.9 0.9 0.9 0.1 0.1 0.9 0.9 0.9 0.9 0.1 0.1 0.9 0.9 0.9 0.9 0.1 0.1 0.9 0.9 0.9 0.9 0.1 0.1 0.9 0.9 0.9 0.9 0.1 0.1 0.9 0.9 
0.9 0.1 0.1 0.1 0.1 0.9 0.1 0.1 0.9 0.9 0.1 0.1 0.1 0.1 0.9 0.9 0.1 0.1 0.1 0.1 0.9 0.9 0.1 0.1 0.1 0.1 0.9 0.9 0.1 0.1 0.9 0.1 0.1 0.1 0.1 0.9 
0.9 0.1 0.1 0.1 0.1 0.9 0.1 0.1 0.9 0.9 0.1 0.1 0.1 0.1 0.9 0.9 0.1 0.1 0.1 0.1 0.9 0.9 0.1 0.1 0.1 0.1 0.9 0.9 0.1 0.1 0.9 0.1 0.1 0.1 0.1 0.9 
0.9 0.1 0.1 0.1 0.1 0.9 0.1 0.1 0.9 0.9 0.1 0.1 0.1 0.1 0.9 0.9 0.1 0.1 0.1 0.1 0.9 0.9 0.1 0.1 0.1 0.1 0.9 0.9 0.1 0.1 0.9 0.1 0.1 0.1 0.1 0.9 
0.9 0.9 0.1 0.1 0.9 0.9 0.9 0.9 0.1 0.1 0.9 0.9 0.9 0.9 0.1 0.1 0.9 0.9 0.9 0.9 0.1 0.1 0.9 0.9 0.9 0.9 0.1 0.1 0.9 0.9 0.9 0.9 0.1 0.1 0.9 0.9 
0.9 0.1 0.1 0.1 0.1 0.9 0.1 0.1 0.9 0.9 0.1 0.1 0.1 0.1 0.9 0.9 0.1 0.1 0.1 0.1 0.9 0.9 0.1 0.1 0.1 0.1 0.9 0.9 0.1 0.1 0.9 0.1 0.1 0.1 0.1 0.9 
0.9 0.9 0.1 0.1 0.9 0.9 0.9 0.9 0.1 0.1 0.9 0.9 0.9 0.9 0.1 0.1 0.9 0.9 0.9 0.9 0.1 0.1 0.9 0.9 0.9 0.9 0.1 0.1 0.9 0.9 0.9 0.9 0.1 0.1 0.9 0.9 
0.9 0.1 0.1 0.1 0.1 0.9 0.1 0.1 0.9 0.9 0.1 0.1 0.9 0.9 0.9 0.9 0.1 0.1 0.9 0.9 0.1 0.1 0.1 0.9 0.9 0.1 0.1 0.9 0.9 0.9 0.1 0.1 0.1 0.1 0.1 0.1 
0.9 0.9 0.1 0.1 0.9 0.9 0.9 0.9 0.1 0.1 0.9 0.9 0.9 0.9 0.1 0.1 0.9 0.9 0.9 0.9 0.1 0.1 0.9 0.9 0.9 0.9 0.1 0.1 0.9 0.9 0.9 0.9 0.1 0.1 0.9 0.9 
0.9 0.1 0.1 0.1 0.1 0.9 0.1 0.1 0.9 0.9 0.1 0.1 0.9 0.9 0.9 0.9 0.1 0.1 0.9 0.9 0.1 0.1 0.1 0.9 0.9 0.1 0.1 0.9 0.9 0.9 0.1 0.1 0.1 0.1 0.1 0.1 
0.9 0.1 0.1 0.1 0.1 0.9 0.1 0.1 0.9 0.9 0.1 0.1 0.1 0.1 0.9 0.9 0.1 0.1 0.1 0.1 0.9 0.9 0.1 0.1 0.1 0.1 0.9 0.9 0.1 0.1 0.9 0.1 0.1 0.1 0.1 0.9 
0.9 0.9 0.1 0.1 0.9 0.9 0.9 0.9 0.1 0.1 0.9 0.9 0.9 0.9 0.1 0.1 0.9 0.9 0.9 0.9 0.1 0.1 0.9 0.9 0.9 0.9 0.1 0.1 0.9 0.9 0.9 0.9 0.1 0.1 0.9 0.9 
0.9 0.9 0.1 0.1 0.9 0.9 0.9 0.9 0.1 0.1 0.9 0.9 0.9 0.9 0.1 0.1 0.9 0.9 0.9 0.9 0.1 0.1 0.9 0.9 0.9 0.9 0.1 0.1 0.9 0.9 0.9 0.9 0.1 0.1 0.9 0.9 
0.9 0.9 0.1 0.1 0.9 0.9 0.9 0.9 0.1 0.1 0.9 0.9 0.9 0.9 0.1 0.1 0.9 0.9 0.9 0.9 0.1 0.1 0.9 0.9 0.9 0.9 0.1 0.1 0.9 0.9 0.9 0.9 0.1 0.1 0.9 0.9 
0.9 0.1 0.1 0.1 0.1 0.9 0.1 0.1 0.9 0.9 0.1 0.1 0.9 0.9 0.9 0.9 0.1 0.1 0.9 0.9 0.1 0.1 0.1 0.9 0.9 0.1 0.1 0.9 0.9 0.9 0.1 0.1 0.1 0.1 0.1 0.1 
0.9 0.1 0.1 0.1 0.1 0.9 0.1 0.1 0.9 0.9 0.1 0.1 0.9 0.9 0.9 0.9 0.1 0.1 0.9 0.9 0.1 0.1 0.1 0.9 0.9 0.1 0.1 0.9 0.9 0.9 0.1 0.1 0.1 0.1 0.1 0.1 
0.9 0.1 0.1 0.1 0.1 0.9 0.1 0.1 0.9 0.9 0.1 0.1 0.1 0.1 0.9 0.9 0.1 0.1 0.1 0.1 0.9 0.9 0.1 0.1 0.1 0.1 0.9 0.9 0.1 0.1 0.9 0.1 0.1 0.1 0.1 0.9 
0.9 0.1 0.1 0.1 0.1 0.9 0.1 0.1 0.9 0.9 0.1 0.1 0.1 0.1 0.9 0.9 0.1 0.1 0.1 0.1 0.9 0.9 0.1 0.1 0.1 0.1 0.9 0.9 0.1 0.1 0.9 0.1 0.1 0.1 0.1 0.9 
0.9 0.9 0.1 0.1 0.9 0.9 0.9 0.9 0.1 0.1 0.9 0.9 0.9 0.9 0.1 0.1 0.9 0.9 0.9 0.9 0.1 0.1 0.9 0.9 0.9 0.9 0.1 0.1 0.9 0.9 0.9 0.9 0.1 0.1 0.9 0.9 
0.9 0.9 0.1 0.1 0.9 0.9 0.9 0.9 0.1 0.1 0.9 0.9 0.9 0.9 0.1 0.1 0.9 0.9 0.9 0.9 0.1 0.1 0.9 0.9 0.9 0.9 0.1 0.1 0.9 0.9 0.9 0.9 0.1 0.1 0.9 0.9 
0.9 0.1 0.1 0.1 0.1 0.9 0.1 0.1 0.9 0.9 0.1 0.1 0.1 0.1 0.9 0.9 0.1 0.1 0.1 0.1 0.9 0.9 0.1 0.1 0.1 0.1 0.9 0.9 0.1 0.1 0.9 0.1 0.1 0.1 0.1 0.9 
0.9 0.1 0.1 0.1 0.1 0.9 0.1 0.1 0.9 0.9 0.1 0.1 0.9 0.9 0.9 0.9 0.1 0.1 0.9 0.9 0.1 0.1 0.1 0.9 0.9 0.1 0.1 0.9 0.9 0.9 0.1 0.1 0.1 0.1 0.1 0.1 
0.9 0.1 0.1 0.1 0.1 0.9 0.1 0.1 0.9 0.9 0.1 0.1 0.1 0.1 0.9 0.9 0.1 0.1 0.1 0.1 0.9 0.9 0.1 0.1 0.1 0.1 0.9 0.9 0.1 0.1 0.9 0.1 0.1 0.1 0.1 0.9 
0.9 0.1 0.1 0.1 0.1 0.9 0.1 0.1 0.9 0.9 0.1 0.1 0.1 0.1 0.9 0.9 0.1 0.1 0.1 0.1 0.9 0.9 0.1 0.1 0.1 0.1 0.9 0.9 0.1 0.1 0.9 0.1 0.1 0.1 0.1 0.9 
0.9 0.9 0.1 0.1 0.9 0.9 0.9 0.9 0.1 0.1 0.9 0.9 0.9 0.9 0.1 0.1 0.9 0.9 0.9 0.9 0.1 0.1 0.9 0.9 0.9 0.9 0.1 0.1 0.9 0.9 0.9 0.9 0.1 0.1 0.9 0.9 
0.9 0.1 0.1 0.1 0.1 0.9 0.1 0.1 0.9 0.9 0.1 0.1 0.1 0.1 0.9 0.9 0.1 0.1 0.1 0.1 0.9 0.9 0.1 0.1 0.1 0.1 0.9 0.9 0.1 0.1 0.9 0.1 0.1 0.1 0.1 0.9 
0.9 0.9 0.1 0.1 0.9 0.9 0.9 0.9 0.1 0.1 0.9 0.9 0.9 0.9 0.1 0.1 0.9 0.9 0.9 0.9 0.1 0.1 0.9 0.9 0.9 0.9 0.1 0.1 0.9 0.9 0.9 0.9 0.1 0.1 0.9 0.9 
0.9 0.1 0.1 0.1 0.1 0.9 0.1 0.1 0.9 0.9 0.1 0.1 0.9 0.9 0.9 0.9 0.1 0.1 0.9 0.9 0.1 0.1 0.1 0.9 0.9 0.1 0.1 0.9 0.9 0.9 0.1 0.1 0.1 0.1 0.1 0.1 
0.9 0.9 0.1 0.1 0.9 0.9 0.9 0.9 0.1 0.1 0.9 0.9 0.9 0.9 0.1 0.1 0.9 0.9 0.9 0.9 0.1 0.1 0.9 0.9 0.9 0.9 0.1 0.1 0.9 0.9 0.9 0.9 0.1 0.1 0.9 0.9 
0.9 0.1 0.1 0.1 0.1 0.9 0.1 0.1 0.9 0.9 0.1 0.1 0.9 0.9 0.9 0.9 0.1 0.1 0.9 0.9 0.1 0.1 0.1 0.9 0.9 0.1 0.1 0.9 0.9 0.9 0.1 0.1 0.1 0.1 0.1 0.1 
0.9 0.1 0.1 0.1 0.1 0.9 0.1 0.1 0.9 0.9 0.1 0.1 0.1 0.1 0.9 0.9 0.1 0.1 0.1 0.1 0.9 0.9 0.1 0.1 0.1 0.1 0.9 0.9 0.1 0.1 0.9 0.1 0.1 0.1 0.1 0.9 
0.9 0.1 0.1 0.1 0.1 0.9 0.1 0.1 0.9 0.9 0.1 0.1 0.1 0.1 0.9 0.9 0.1 0.1 0.1 0.1 0.9 0.9 0.1 0.1 0.1 0.1 0.9 0.9 0.1 0.1 0.9 0.1 0.1 0.1 0.1 0.9 
0.9 0.1 0.1 0.1 0.1 0.9 0.1 0.1 0.9 0.9 0.1 0.1 0.9 0.9 0.9 0.9 0.1 0.1 0.9 0.9 0.1 0.1 0.1 0.9 0.9 0.1 0.1 0.9 0.9 0.9 0.1 0.1 0.1 0.1 0.1 0.1 
0.9 0.9 0.1 0.1 0.9 0.9 0.9 0.9 0.1 0.1 0.9 0.9 0.9 0.9 0.1 0.1 0.9 0.9 0.9 0.9 0.1 0.1 0.9 0.9 0.9 0.9 0.1 0.1 0.9 0.9 0.9 0.9 0.1 0.1 0.9 0.9 
0.9 0.9 0.1 0.1 0.9 0.9 0.9 0.9 0.1 0.1 0.9 0.9 0.9 0.9 0.1 0.1 0.9 0.9 0.9 0.9 0.1 0.1 0.9 0.9 0.9 0.9 0.1 0.1 0.9 0.9 0.9 0.9 0.1 0.1 0.9 0.9 
0.9 0.1 0.1 0.1 0.1 0.9 0.1 0.1 0.9 0.9 0.1 0.1 0.9 0.9 0.9 0.9 0.1 0.1 0.9 0.9 0.1 0.1 0.1 0.9 0.9 0.1 0.1 0.9 0.9 0.9 0.1 0.1 0.1 0.1 0.1 0.1 
0.9 0.1 0.1 0.1 0.1 0.9 0.1 0.1 0.9 0.9 0.1 0.1 0.1 0.1 0.9 0.9 0.1 0.1 0.1 0.1 0.9 0.9 0.1 0.1 0.1 0.1 0.9 0.9 0.1 0.1 0.9 0.1 0.1 0.1 0.1 0.9 
0.9 0.1 0.1 0.1 0.1 0.9 0.1 0.1 0.9 0.9 0.1 0.1 0.9 0.9 0.9 0.9 0.1 0.1 0.9 0.9 0.1 0.1 0.1 0.9 0.9 0.1 0.1 0.9 0.9 0.9 0.1 0.1 0.1 0.1 0.1 0.1 
0.9 0.1 0.1 0.1 0.1 0.9 0.1 0.1 0.9 0.9 0.1 0.1 0.9 0.9 0.9 0.9 0.1 0.1 0.9 0.9 0.1 0.1 0.1 0.9 0.9 0.1 0.1 0.9 0.9 0.9 0.1 0.1 0.1 0.1 0.1 0.1 
0.9 0.1 0.1 0.1 0.1 0.9 0.1 0.1 0.9 0.9 0.1 0.1 0.9 0.9 0.9 0.9 0.1 0.1 0.9 0.9 0.1 0.1 0.1 0.9 0.9 0.1 0.1 0.9 0.9 0.9 0.1 0.1 0.1 0.1 0.1 0.1 
0.9 0.1 0.1 0.1 0.1 0.9 0.1 0.1 0.9 0.9 0.1 0.1 0.1 0.1 0.9 0.9 0.1 0.1 0.1 0.1 0.9 0.9 0.1 0.1 0.1 0.1 0.9 0.9 0.1 0.1 0.9 0.1 0.1 0.1 0.1 0.9 
0.9 0.1 0.1 0.1 0.1 0.9 0.1 0.1 0.9 0.9 0.1 0.1 0.9 0.9 0.9 0.9 0.1 0.1 0.9 0.9 0.1 0.1 0.1 0.9 0.9 0.1 0.1 0.9 0.9 0.9 0.1 0.1 0.1 0.1 0.1 0.1 
0.9 0.9 0.1 0.1 0.9 0.9 0.9 0.9 0.1 0.1 0.9 0.9 0.9 0.9 0.1 0.1 0.9 0.9 0.9 0.9 0.1 0.1 0.9 0.9 0.9 0.9 0.1 0.1 0.9 0.9 0.9 0.9 0.1 0.1 0.9 0.9 
0.9 0.1 0.1 0.1 0.1 0.9 0.1 0.1 0.9 0.9 0.1 0.1 0.9 0.9 0.9 0.9 0.1 0.1 0.9 0.9 0.1 0.1 0.1 0.9 0.9 0.1 0.1 0.9 0.9 0.9 0.1 0.1 0.1 0.1 0.1 0.1 
0.9 0.9 0.1 0.1 0.9 0.9 0.9 0.9 0.1 0.1 0.9 0.9 0.9 0.9 0.1 0.1 0.9 0.9 0.9 0.9 0.1 0.1 0.9 0.9 0.9 0.9 0.1 0.1 0.9 0.9 0.9 0.9 0.1 0.1 0.9 0.9 
0.9 0.9 0.1 0.1 0.9 0.9 0.9 0.9 0.1 0.1 0.9 0.9 0.9 0.9 0.1 0.1 0.9 0.9 0.9 0.9 0.1 0.1 0.9 0.9 0.9 0.9 0.1 0.1 0.9 0.9 0.9 0.9 0.1 0.1 0.9 0.9 
0.9 0.9 0.1 0.1 0.9 0.9 0.9 0.9 0.1 0.1 0.9 0.9 0.9 0.9 0.1 0.1 0.9 0.9 0.9 0.9 0.1 0.1 0.9 0.9 0.9 0.9 0.1 0.1 0.9 0.9 0.9 0.9 0.1 0.1 0.9 0.9 
0.9 0.1 0.1 0.1 0.1 0.9 0.1 0.1 0.9 0.9 0.1 0.1 0.9 0.9 0.9 0.9 0.1 0.1 0.9 0.9 0.1 0.1 0.1 0.9 0.9 0.1 0.1 0.9 0.9 0.9 0.1 0.1 0.1 0.1 0.1 0.1 
0.9 0.9 0.1 0.1 0.9 0.9 0.9 0.9 0.1 0.1 0.9 0.9 0.9 0.9 0.1 0.1 0.9 0.9 0.9 0.9 0.1 0.1 0.9 0.9 0.9 0.9 0.1 0.1 0.9 0.9 0.9 0.9 0.1 0.1 0.9 0.9 
0.9 0.1 0.1 0.1 0.1 0.9 0.1 0.1 0.9 0.9 0.1 0.1 0.1 0.1 0.9 0.9 0.1 0.1 0.1 0.1 0.9 0.9 0.1 0.1 0.1 0.1 0.9 0.9 0.1 0.1 0.9 0.1 0.1 0.1 0.1 0.9 
0.9 0.9 0.1 0.1 0.9 0.9 0.9 0.9 0.1 0.1 0.9 0.9 0.9 0.9 0.1 0.1 0.9 0.9 0.9 0.9 0.1 0.1 0.9 0.9 0.9 0.9 0.1 0.1 0.9 0.9 0.9 0.9 0.1 0.1 0.9 0.9 
0.9 0.1 0.1 0.1 0.1 0.9 0.1 0.1 0.9 0.9 0.1 0.1 0.9 0.9 0.9 0.9 0.1 0.1 0.9 0.9 0.1 0.1 0.1 0.9 0.9 0.1 0.1 0.9 0.9 0.9 0.1 0.1 0.1 0.1 0.1 0.1 
0.9 0.1 0.1 0.1 0.1 0.9 0.1 0.1 0.9 0.9 0.1 0.1 0.1 0.1 0.9 0.9 0.1 0.1 0.1 0.1 0.9 0.9 0.1 0.1 0.1 0.1 0.9 0.9 0.1 0.1 0.9 0.1 0.1 0.1 0.1 0.9 
0.9 0.1 0.1 0.1 0.1 0.9 0.1 0.1 0.9 0.9 0.1 0.1 0.9 0.9 0.9 0.9 0.1 0.1 0.9 0.9 0.1 0.1 0.1 0.9 0.9 0.1 0.1 0.9 0.9 0.9 0.1 0.1 0.1 0.1 0.1 0.1 
0.9 0.1 0.1 0.1 0.1 0.9 0.1 0.1 0.9 0.9 0.1 0.1 0.1 0.1 0.9 0.9 0.1 0.1 0.1 0.1 0.9 0.9 0.1 0.1 0.1 0.1 0.9 0.9 0.1 0.1 0.9 0.1 0.1 0.1 0.1 0.9 
0.9 0.1 0.1 0.1 0.1 0.9 0.1 0.1 0.9 0.9 0.1 0.1 0.9 0.9 0.9 0.9 0.1 0.1 0.9 0.9 0.1 0.1 0.1 0.9 0.9 0.1 0.1 0.9 0.9 0.9 0.1 0.1 0.1 0.1 0.1 0.1 
0.9 0.9 0.1 0.1 0.9 0.9 0.9 0.9 0.1 0.1 0.9 0.9 0.9 0.9 0.1 0.1 0.9 0.9 0.9 0.9 0.1 0.1 0.9 0.9 0.9 0.9 0.1 0.1 0.9 0.9 0.9 0.9 0.1 0.1 0.9 0.9 
0.9 0.1 0.1 0.1 0.1 0.9 0.1 0.1 0.9 0.9 0.1 0.1 0.9 0.9 0.9 0.9 0.1 0.1 0.9 0.9 0.1 0.1 0.1 0.9 0.9 0.1 0.1 0.9 0.9 0.9 0.1 0.1 0.1 0.1 0.1 0.1 
0.9 0.1 0.1 0.1 0.1 0.9 0.1 0.1 0.9 0.9 0.1 0.1 0.9 0.9 0.9 0.9 0.1 0.1 0.9 0.9 0.1 0.1 0.1 0.9 0.9 0.1 0.1 0.9 0.9 0.9 0.1 0.1 0.1 0.1 0.1 0.1 
0.9 0.1 0.1 0.1 0.1 0.9 0.1 0.1 0.9 0.9 0.1 0.1 0.1 0.1 0.9 0.9 0.1 0.1 0.1 0.1 0.9 0.9 0.1 0.1 0.1 0.1 0.9 0.9 0.1 0.1 0.9 0.1 0.1 0.1 0.1 0.9 
0.9 0.9 0.1 0.1 0.9 0.9 0.9 0.9 0.1 0.1 0.9 0.9 0.9 0.9 0.1 0.1 0.9 0.9 0.9 0.9 0.1 0.1 0.9 0.9 0.9 0.9 0.1 0.1 0.9 0.9 0.9 0.9 0.1 0.1 0.9 0.9 
--------------
train_output matrix
2 
2 
2 
0 
0 
0 
1 
0 
0 
2 
1 
2 
1 
0 
0 
1 
1 
1 
2 
2 
2 
1 
1 
2 
1 
0 
1 
1 
2 
1 
2 
2 
2 
2 
0 
0 
0 
0 
0 
1 
0 
0 
0 
1 
0 
1 
2 
1 
2 
0 
1 
1 
1 
2 
2 
0 
0 
1 
1 
0 
2 
0 
0 
1 
0 
1 
2 
1 
2 
0 
0 
2 
1 
1 
2 
0 
2 
2 
2 
0 
2 
1 
2 
1 
1 
1 
2 
1 
0 
1 
2 
0 
2 
0 
2 
1 
2 
2 
0 
1 
--------------
test_inputTable matrix
0.9 0.1 0.1 0.1 0.1 0.9 0.1 0.1 0.9 0.9 0.1 0.1 0.9 0.9 0.9 0.9 0.1 0.1 0.9 0.9 0.1 0.1 0.1 0.9 0.9 0.1 0.1 0.9 0.9 0.9 0.1 0.1 0.1 0.1 0.1 0.1 
0.9 0.9 0.1 0.1 0.9 0.9 0.9 0.9 0.1 0.1 0.9 0.9 0.9 0.9 0.1 0.1 0.9 0.9 0.9 0.9 0.1 0.1 0.9 0.9 0.9 0.9 0.1 0.1 0.9 0.9 0.9 0.9 0.1 0.1 0.9 0.9 
0.9 0.1 0.1 0.1 0.1 0.9 0.1 0.1 0.9 0.9 0.1 0.1 0.9 0.9 0.9 0.9 0.1 0.1 0.9 0.9 0.1 0.1 0.1 0.9 0.9 0.1 0.1 0.9 0.9 0.9 0.1 0.1 0.1 0.1 0.1 0.1 
0.9 0.1 0.1 0.1 0.1 0.9 0.1 0.1 0.9 0.9 0.1 0.1 0.9 0.9 0.9 0.9 0.1 0.1 0.9 0.9 0.1 0.1 0.1 0.9 0.9 0.1 0.1 0.9 0.9 0.9 0.1 0.1 0.1 0.1 0.1 0.1 
0.9 0.1 0.1 0.1 0.1 0.9 0.1 0.1 0.9 0.9 0.1 0.1 0.9 0.9 0.9 0.9 0.1 0.1 0.9 0.9 0.1 0.1 0.1 0.9 0.9 0.1 0.1 0.9 0.9 0.9 0.1 0.1 0.1 0.1 0.1 0.1 
0.9 0.1 0.1 0.1 0.1 0.9 0.1 0.1 0.9 0.9 0.1 0.1 0.1 0.1 0.9 0.9 0.1 0.1 0.1 0.1 0.9 0.9 0.1 0.1 0.1 0.1 0.9 0.9 0.1 0.1 0.9 0.1 0.1 0.1 0.1 0.9 
0.9 0.9 0.1 0.1 0.9 0.9 0.9 0.9 0.1 0.1 0.9 0.9 0.9 0.9 0.1 0.1 0.9 0.9 0.9 0.9 0.1 0.1 0.9 0.9 0.9 0.9 0.1 0.1 0.9 0.9 0.9 0.9 0.1 0.1 0.9 0.9 
0.9 0.9 0.1 0.1 0.9 0.9 0.9 0.9 0.1 0.1 0.9 0.9 0.9 0.9 0.1 0.1 0.9 0.9 0.9 0.9 0.1 0.1 0.9 0.9 0.9 0.9 0.1 0.1 0.9 0.9 0.9 0.9 0.1 0.1 0.9 0.9 
0.9 0.9 0.1 0.1 0.9 0.9 0.9 0.9 0.1 0.1 0.9 0.9 0.9 0.9 0.1 0.1 0.9 0.9 0.9 0.9 0.1 0.1 0.9 0.9 0.9 0.9 0.1 0.1 0.9 0.9 0.9 0.9 0.1 0.1 0.9 0.9 
0.9 0.1 0.1 0.1 0.1 0.9 0.1 0.1 0.9 0.9 0.1 0.1 0.1 0.1 0.9 0.9 0.1 0.1 0.1 0.1 0.9 0.9 0.1 0.1 0.1 0.1 0.9 0.9 0.1 0.1 0.9 0.1 0.1 0.1 0.1 0.9 
0.9 0.1 0.1 0.1 0.1 0.9 0.1 0.1 0.9 0.9 0.1 0.1 0.1 0.1 0.9 0.9 0.1 0.1 0.1 0.1 0.9 0.9 0.1 0.1 0.1 0.1 0.9 0.9 0.1 0.1 0.9 0.1 0.1 0.1 0.1 0.9 
0.9 0.1 0.1 0.1 0.1 0.9 0.1 0.1 0.9 0.9 0.1 0.1 0.1 0.1 0.9 0.9 0.1 0.1 0.1 0.1 0.9 0.9 0.1 0.1 0.1 0.1 0.9 0.9 0.1 0.1 0.9 0.1 0.1 0.1 0.1 0.9 
0.9 0.1 0.1 0.1 0.1 0.9 0.1 0.1 0.9 0.9 0.1 0.1 0.1 0.1 0.9 0.9 0.1 0.1 0.1 0.1 0.9 0.9 0.1 0.1 0.1 0.1 0.9 0.9 0.1 0.1 0.9 0.1 0.1 0.1 0.1 0.9 
0.9 0.1 0.1 0.1 0.1 0.9 0.1 0.1 0.9 0.9 0.1 0.1 0.9 0.9 0.9 0.9 0.1 0.1 0.9 0.9 0.1 0.1 0.1 0.9 0.9 0.1 0.1 0.9 0.9 0.9 0.1 0.1 0.1 0.1 0.1 0.1 
0.9 0.9 0.1 0.1 0.9 0.9 0.9 0.9 0.1 0.1 0.9 0.9 0.9 0.9 0.1 0.1 0.9 0.9 0.9 0.9 0.1 0.1 0.9 0.9 0.9 0.9 0.1 0.1 0.9 0.9 0.9 0.9 0.1 0.1 0.9 0.9 
0.9 0.9 0.1 0.1 0.9 0.9 0.9 0.9 0.1 0.1 0.9 0.9 0.9 0.9 0.1 0.1 0.9 0.9 0.9 0.9 0.1 0.1 0.9 0.9 0.9 0.9 0.1 0.1 0.9 0.9 0.9 0.9 0.1 0.1 0.9 0.9 
0.9 0.9 0.1 0.1 0.9 0.9 0.9 0.9 0.1 0.1 0.9 0.9 0.9 0.9 0.1 0.1 0.9 0.9 0.9 0.9 0.1 0.1 0.9 0.9 0.9 0.9 0.1 0.1 0.9 0.9 0.9 0.9 0.1 0.1 0.9 0.9 
0.9 0.1 0.1 0.1 0.1 0.9 0.1 0.1 0.9 0.9 0.1 0.1 0.9 0.9 0.9 0.9 0.1 0.1 0.9 0.9 0.1 0.1 0.1 0.9 0.9 0.1 0.1 0.9 0.9 0.9 0.1 0.1 0.1 0.1 0.1 0.1 
0.9 0.1 0.1 0.1 0.1 0.9 0.1 0.1 0.9 0.9 0.1 0.1 0.9 0.9 0.9 0.9 0.1 0.1 0.9 0.9 0.1 0.1 0.1 0.9 0.9 0.1 0.1 0.9 0.9 0.9 0.1 0.1 0.1 0.1 0.1 0.1 
0.9 0.1 0.1 0.1 0.1 0.9 0.1 0.1 0.9 0.9 0.1 0.1 0.1 0.1 0.9 0.9 0.1 0.1 0.1 0.1 0.9 0.9 0.1 0.1 0.1 0.1 0.9 0.9 0.1 0.1 0.9 0.1 0.1 0.1 0.1 0.9 
0.9 0.9 0.1 0.1 0.9 0.9 0.9 0.9 0.1 0.1 0.9 0.9 0.9 0.9 0.1 0.1 0.9 0.9 0.9 0.9 0.1 0.1 0.9 0.9 0.9 0.9 0.1 0.1 0.9 0.9 0.9 0.9 0.1 0.1 0.9 0.9 
0.9 0.1 0.1 0.1 0.1 0.9 0.1 0.1 0.9 0.9 0.1 0.1 0.9 0.9 0.9 0.9 0.1 0.1 0.9 0.9 0.1 0.1 0.1 0.9 0.9 0.1 0.1 0.9 0.9 0.9 0.1 0.1 0.1 0.1 0.1 0.1 
0.9 0.1 0.1 0.1 0.1 0.9 0.1 0.1 0.9 0.9 0.1 0.1 0.1 0.1 0.9 0.9 0.1 0.1 0.1 0.1 0.9 0.9 0.1 0.1 0.1 0.1 0.9 0.9 0.1 0.1 0.9 0.1 0.1 0.1 0.1 0.9 
0.9 0.1 0.1 0.1 0.1 0.9 0.1 0.1 0.9 0.9 0.1 0.1 0.1 0.1 0.9 0.9 0.1 0.1 0.1 0.1 0.9 0.9 0.1 0.1 0.1 0.1 0.9 0.9 0.1 0.1 0.9 0.1 0.1 0.1 0.1 0.9 
0.9 0.1 0.1 0.1 0.1 0.9 0.1 0.1 0.9 0.9 0.1 0.1 0.9 0.9 0.9 0.9 0.1 0.1 0.9 0.9 0.1 0.1 0.1 0.9 0.9 0.1 0.1 0.9 0.9 0.9 0.1 0.1 0.1 0.1 0.1 0.1 
0.9 0.1 0.1 0.1 0.1 0.9 0.1 0.1 0.9 0.9 0.1 0.1 0.9 0.9 0.9 0.9 0.1 0.1 0.9 0.9 0.1 0.1 0.1 0.9 0.9 0.1 0.1 0.9 0.9 0.9 0.1 0.1 0.1 0.1 0.1 0.1 
0.9 0.9 0.1 0.1 0.9 0.9 0.9 0.9 0.1 0.1 0.9 0.9 0.9 0.9 0.1 0.1 0.9 0.9 0.9 0.9 0.1 0.1 0.9 0.9 0.9 0.9 0.1 0.1 0.9 0.9 0.9 0.9 0.1 0.1 0.9 0.9 
0.9 0.1 0.1 0.1 0.1 0.9 0.1 0.1 0.9 0.9 0.1 0.1 0.9 0.9 0.9 0.9 0.1 0.1 0.9 0.9 0.1 0.1 0.1 0.9 0.9 0.1 0.1 0.9 0.9 0.9 0.1 0.1 0.1 0.1 0.1 0.1 
0.9 0.1 0.1 0.1 0.1 0.9 0.1 0.1 0.9 0.9 0.1 0.1 0.9 0.9 0.9 0.9 0.1 0.1 0.9 0.9 0.1 0.1 0.1 0.9 0.9 0.1 0.1 0.9 0.9 0.9 0.1 0.1 0.1 0.1 0.1 0.1 
0.9 0.9 0.1 0.1 0.9 0.9 0.9 0.9 0.1 0.1 0.9 0.9 0.9 0.9 0.1 0.1 0.9 0.9 0.9 0.9 0.1 0.1 0.9 0.9 0.9 0.9 0.1 0.1 0.9 0.9 0.9 0.9 0.1 0.1 0.9 0.9 
0.9 0.1 0.1 0.1 0.1 0.9 0.1 0.1 0.9 0.9 0.1 0.1 0.9 0.9 0.9 0.9 0.1 0.1 0.9 0.9 0.1 0.1 0.1 0.9 0.9 0.1 0.1 0.9 0.9 0.9 0.1 0.1 0.1 0.1 0.1 0.1 
0.9 0.9 0.1 0.1 0.9 0.9 0.9 0.9 0.1 0.1 0.9 0.9 0.9 0.9 0.1 0.1 0.9 0.9 0.9 0.9 0.1 0.1 0.9 0.9 0.9 0.9 0.1 0.1 0.9 0.9 0.9 0.9 0.1 0.1 0.9 0.9 
0.9 0.1 0.1 0.1 0.1 0.9 0.1 0.1 0.9 0.9 0.1 0.1 0.1 0.1 0.9 0.9 0.1 0.1 0.1 0.1 0.9 0.9 0.1 0.1 0.1 0.1 0.9 0.9 0.1 0.1 0.9 0.1 0.1 0.1 0.1 0.9 
0.9 0.1 0.1 0.1 0.1 0.9 0.1 0.1 0.9 0.9 0.1 0.1 0.9 0.9 0.9 0.9 0.1 0.1 0.9 0.9 0.1 0.1 0.1 0.9 0.9 0.1 0.1 0.9 0.9 0.9 0.1 0.1 0.1 0.1 0.1 0.1 
0.9 0.1 0.1 0.1 0.1 0.9 0.1 0.1 0.9 0.9 0.1 0.1 0.9 0.9 0.9 0.9 0.1 0.1 0.9 0.9 0.1 0.1 0.1 0.9 0.9 0.1 0.1 0.9 0.9 0.9 0.1 0.1 0.1 0.1 0.1 0.1 
0.9 0.1 0.1 0.1 0.1 0.9 0.1 0.1 0.9 0.9 0.1 0.1 0.1 0.1 0.9 0.9 0.1 0.1 0.1 0.1 0.9 0.9 0.1 0.1 0.1 0.1 0.9 0.9 0.1 0.1 0.9 0.1 0.1 0.1 0.1 0.9 
0.9 0.1 0.1 0.1 0.1 0.9 0.1 0.1 0.9 0.9 0.1 0.1 0.1 0.1 0.9 0.9 0.1 0.1 0.1 0.1 0.9 0.9 0.1 0.1 0.1 0.1 0.9 0.9 0.1 0.1 0.9 0.1 0.1 0.1 0.1 0.9 
0.9 0.1 0.1 0.1 0.1 0.9 0.1 0.1 0.9 0.9 0.1 0.1 0.1 0.1 0.9 0.9 0.1 0.1 0.1 0.1 0.9 0.9 0.1 0.1 0.1 0.1 0.9 0.9 0.1 0.1 0.9 0.1 0.1 0.1 0.1 0.9 
0.9 0.9 0.1 0.1 0.9 0.9 0.9 0.9 0.1 0.1 0.9 0.9 0.9 0.9 0.1 0.1 0.9 0.9 0.9 0.9 0.1 0.1 0.9 0.9 0.9 0.9 0.1 0.1 0.9 0.9 0.9 0.9 0.1 0.1 0.9 0.9 
0.9 0.1 0.1 0.1 0.1 0.9 0.1 0.1 0.9 0.9 0.1 0.1 0.9 0.9 0.9 0.9 0.1 0.1 0.9 0.9 0.1 0.1 0.1 0.9 0.9 0.1 0.1 0.9 0.9 0.9 0.1 0.1 0.1 0.1 0.1 0.1 
0.9 0.9 0.1 0.1 0.9 0.9 0.9 0.9 0.1 0.1 0.9 0.9 0.9 0.9 0.1 0.1 0.9 0.9 0.9 0.9 0.1 0.1 0.9 0.9 0.9 0.9 0.1 0.1 0.9 0.9 0.9 0.9 0.1 0.1 0.9 0.9 
0.9 0.1 0.1 0.1 0.1 0.9 0.1 0.1 0.9 0.9 0.1 0.1 0.9 0.9 0.9 0.9 0.1 0.1 0.9 0.9 0.1 0.1 0.1 0.9 0.9 0.1 0.1 0.9 0.9 0.9 0.1 0.1 0.1 0.1 0.1 0.1 
0.9 0.1 0.1 0.1 0.1 0.9 0.1 0.1 0.9 0.9 0.1 0.1 0.9 0.9 0.9 0.9 0.1 0.1 0.9 0.9 0.1 0.1 0.1 0.9 0.9 0.1 0.1 0.9 0.9 0.9 0.1 0.1 0.1 0.1 0.1 0.1 
0.9 0.9 0.1 0.1 0.9 0.9 0.9 0.9 0.1 0.1 0.9 0.9 0.9 0.9 0.1 0.1 0.9 0.9 0.9 0.9 0.1 0.1 0.9 0.9 0.9 0.9 0.1 0.1 0.9 0.9 0.9 0.9 0.1 0.1 0.9 0.9 
0.9 0.1 0.1 0.1 0.1 0.9 0.1 0.1 0.9 0.9 0.1 0.1 0.9 0.9 0.9 0.9 0.1 0.1 0.9 0.9 0.1 0.1 0.1 0.9 0.9 0.1 0.1 0.9 0.9 0.9 0.1 0.1 0.1 0.1 0.1 0.1 
0.9 0.1 0.1 0.1 0.1 0.9 0.1 0.1 0.9 0.9 0.1 0.1 0.9 0.9 0.9 0.9 0.1 0.1 0.9 0.9 0.1 0.1 0.1 0.9 0.9 0.1 0.1 0.9 0.9 0.9 0.1 0.1 0.1 0.1 0.1 0.1 
0.9 0.1 0.1 0.1 0.1 0.9 0.1 0.1 0.9 0.9 0.1 0.1 0.1 0.1 0.9 0.9 0.1 0.1 0.1 0.1 0.9 0.9 0.1 0.1 0.1 0.1 0.9 0.9 0.1 0.1 0.9 0.1 0.1 0.1 0.1 0.9 
0.9 0.1 0.1 0.1 0.1 0.9 0.1 0.1 0.9 0.9 0.1 0.1 0.1 0.1 0.9 0.9 0.1 0.1 0.1 0.1 0.9 0.9 0.1 0.1 0.1 0.1 0.9 0.9 0.1 0.1 0.9 0.1 0.1 0.1 0.1 0.9 
0.9 0.9 0.1 0.1 0.9 0.9 0.9 0.9 0.1 0.1 0.9 0.9 0.9 0.9 0.1 0.1 0.9 0.9 0.9 0.9 0.1 0.1 0.9 0.9 0.9 0.9 0.1 0.1 0.9 0.9 0.9 0.9 0.1 0.1 0.9 0.9 
0.9 0.1 0.1 0.1 0.1 0.9 0.1 0.1 0.9 0.9 0.1 0.1 0.1 0.1 0.9 0.9 0.1 0.1 0.1 0.1 0.9 0.9 0.1 0.1 0.1 0.1 0.9 0.9 0.1 0.1 0.9 0.1 0.1 0.1 0.1 0.9 
0.9 0.1 0.1 0.1 0.1 0.9 0.1 0.1 0.9 0.9 0.1 0.1 0.9 0.9 0.9 0.9 0.1 0.1 0.9 0.9 0.1 0.1 0.1 0.9 0.9 0.1 0.1 0.9 0.9 0.9 0.1 0.1 0.1 0.1 0.1 0.1 
0.9 0.1 0.1 0.1 0.1 0.9 0.1 0.1 0.9 0.9 0.1 0.1 0.1 0.1 0.9 0.9 0.1 0.1 0.1 0.1 0.9 0.9 0.1 0.1 0.1 0.1 0.9 0.9 0.1 0.1 0.9 0.1 0.1 0.1 0.1 0.9 
0.9 0.1 0.1 0.1 0.1 0.9 0.1 0.1 0.9 0.9 0.1 0.1 0.1 0.1 0.9 0.9 0.1 0.1 0.1 0.1 0.9 0.9 0.1 0.1 0.1 0.1 0.9 0.9 0.1 0.1 0.9 0.1 0.1 0.1 0.1 0.9 
0.9 0.1 0.1 0.1 0.1 0.9 0.1 0.1 0.9 0.9 0.1 0.1 0.9 0.9 0.9 0.9 0.1 0.1 0.9 0.9 0.1 0.1 0.1 0.9 0.9 0.1 0.1 0.9 0.9 0.9 0.1 0.1 0.1 0.1 0.1 0.1 
0.9 0.9 0.1 0.1 0.9 0.9 0.9 0.9 0.1 0.1 0.9 0.9 0.9 0.9 0.1 0.1 0.9 0.9 0.9 0.9 0.1 0.1 0.9 0.9 0.9 0.9 0.1 0.1 0.9 0.9 0.9 0.9 0.1 0.1 0.9 0.9 
0.9 0.1 0.1 0.1 0.1 0.9 0.1 0.1 0.9 0.9 0.1 0.1 0.9 0.9 0.9 0.9 0.1 0.1 0.9 0.9 0.1 0.1 0.1 0.9 0.9 0.1 0.1 0.9 0.9 0.9 0.1 0.1 0.1 0.1 0.1 0.1 
0.9 0.1 0.1 0.1 0.1 0.9 0.1 0.1 0.9 0.9 0.1 0.1 0.9 0.9 0.9 0.9 0.1 0.1 0.9 0.9 0.1 0.1 0.1 0.9 0.9 0.1 0.1 0.9 0.9 0.9 0.1 0.1 0.1 0.1 0.1 0.1 
0.9 0.1 0.1 0.1 0.1 0.9 0.1 0.1 0.9 0.9 0.1 0.1 0.9 0.9 0.9 0.9 0.1 0.1 0.9 0.9 0.1 0.1 0.1 0.9 0.9 0.1 0.1 0.9 0.9 0.9 0.1 0.1 0.1 0.1 0.1 0.1 
0.9 0.9 0.1 0.1 0.9 0.9 0.9 0.9 0.1 0.1 0.9 0.9 0.9 0.9 0.1 0.1 0.9 0.9 0.9 0.9 0.1 0.1 0.9 0.9 0.9 0.9 0.1 0.1 0.9 0.9 0.9 0.9 0.1 0.1 0.9 0.9 
0.9 0.9 0.1 0.1 0.9 0.9 0.9 0.9 0.1 0.1 0.9 0.9 0.9 0.9 0.1 0.1 0.9 0.9 0.9 0.9 0.1 0.1 0.9 0.9 0.9 0.9 0.1 0.1 0.9 0.9 0.9 0.9 0.1 0.1 0.9 0.9 
0.9 0.9 0.1 0.1 0.9 0.9 0.9 0.9 0.1 0.1 0.9 0.9 0.9 0.9 0.1 0.1 0.9 0.9 0.9 0.9 0.1 0.1 0.9 0.9 0.9 0.9 0.1 0.1 0.9 0.9 0.9 0.9 0.1 0.1 0.9 0.9 
0.9 0.9 0.1 0.1 0.9 0.9 0.9 0.9 0.1 0.1 0.9 0.9 0.9 0.9 0.1 0.1 0.9 0.9 0.9 0.9 0.1 0.1 0.9 0.9 0.9 0.9 0.1 0.1 0.9 0.9 0.9 0.9 0.1 0.1 0.9 0.9 
0.9 0.9 0.1 0.1 0.9 0.9 0.9 0.9 0.1 0.1 0.9 0.9 0.9 0.9 0.1 0.1 0.9 0.9 0.9 0.9 0.1 0.1 0.9 0.9 0.9 0.9 0.1 0.1 0.9 0.9 0.9 0.9 0.1 0.1 0.9 0.9 
0.9 0.1 0.1 0.1 0.1 0.9 0.1 0.1 0.9 0.9 0.1 0.1 0.1 0.1 0.9 0.9 0.1 0.1 0.1 0.1 0.9 0.9 0.1 0.1 0.1 0.1 0.9 0.9 0.1 0.1 0.9 0.1 0.1 0.1 0.1 0.9 
0.9 0.9 0.1 0.1 0.9 0.9 0.9 0.9 0.1 0.1 0.9 0.9 0.9 0.9 0.1 0.1 0.9 0.9 0.9 0.9 0.1 0.1 0.9 0.9 0.9 0.9 0.1 0.1 0.9 0.9 0.9 0.9 0.1 0.1 0.9 0.9 
0.9 0.1 0.1 0.1 0.1 0.9 0.1 0.1 0.9 0.9 0.1 0.1 0.1 0.1 0.9 0.9 0.1 0.1 0.1 0.1 0.9 0.9 0.1 0.1 0.1 0.1 0.9 0.9 0.1 0.1 0.9 0.1 0.1 0.1 0.1 0.9 
0.9 0.1 0.1 0.1 0.1 0.9 0.1 0.1 0.9 0.9 0.1 0.1 0.1 0.1 0.9 0.9 0.1 0.1 0.1 0.1 0.9 0.9 0.1 0.1 0.1 0.1 0.9 0.9 0.1 0.1 0.9 0.1 0.1 0.1 0.1 0.9 
0.9 0.1 0.1 0.1 0.1 0.9 0.1 0.1 0.9 0.9 0.1 0.1 0.9 0.9 0.9 0.9 0.1 0.1 0.9 0.9 0.1 0.1 0.1 0.9 0.9 0.1 0.1 0.9 0.9 0.9 0.1 0.1 0.1 0.1 0.1 0.1 
0.9 0.9 0.1 0.1 0.9 0.9 0.9 0.9 0.1 0.1 0.9 0.9 0.9 0.9 0.1 0.1 0.9 0.9 0.9 0.9 0.1 0.1 0.9 0.9 0.9 0.9 0.1 0.1 0.9 0.9 0.9 0.9 0.1 0.1 0.9 0.9 
0.9 0.1 0.1 0.1 0.1 0.9 0.1 0.1 0.9 0.9 0.1 0.1 0.9 0.9 0.9 0.9 0.1 0.1 0.9 0.9 0.1 0.1 0.1 0.9 0.9 0.1 0.1 0.9 0.9 0.9 0.1 0.1 0.1 0.1 0.1 0.1 
0.9 0.1 0.1 0.1 0.1 0.9 0.1 0.1 0.9 0.9 0.1 0.1 0.9 0.9 0.9 0.9 0.1 0.1 0.9 0.9 0.1 0.1 0.1 0.9 0.9 0.1 0.1 0.9 0.9 0.9 0.1 0.1 0.1 0.1 0.1 0.1 
0.9 0.1 0.1 0.1 0.1 0.9 0.1 0.1 0.9 0.9 0.1 0.1 0.9 0.9 0.9 0.9 0.1 0.1 0.9 0.9 0.1 0.1 0.1 0.9 0.9 0.1 0.1 0.9 0.9 0.9 0.1 0.1 0.1 0.1 0.1 0.1 
0.9 0.1 0.1 0.1 0.1 0.9 0.1 0.1 0.9 0.9 0.1 0.1 0.9 0.9 0.9 0.9 0.1 0.1 0.9 0.9 0.1 0.1 0.1 0.9 0.9 0.1 0.1 0.9 0.9 0.9 0.1 0.1 0.1 0.1 0.1 0.1 
0.9 0.9 0.1 0.1 0.9 0.9 0.9 0.9 0.1 0.1 0.9 0.9 0.9 0.9 0.1 0.1 0.9 0.9 0.9 0.9 0.1 0.1 0.9 0.9 0.9 0.9 0.1 0.1 0.9 0.9 0.9 0.9 0.1 0.1 0.9 0.9 
0.9 0.1 0.1 0.1 0.1 0.9 0.1 0.1 0.9 0.9 0.1 0.1 0.9 0.9 0.9 0.9 0.1 0.1 0.9 0.9 0.1 0.1 0.1 0.9 0.9 0.1 0.1 0.9 0.9 0.9 0.1 0.1 0.1 0.1 0.1 0.1 
0.9 0.9 0.1 0.1 0.9 0.9 0.9 0.9 0.1 0.1 0.9 0.9 0.9 0.9 0.1 0.1 0.9 0.9 0.9 0.9 0.1 0.1 0.9 0.9 0.9 0.9 0.1 0.1 0.9 0.9 0.9 0.9 0.1 0.1 0.9 0.9 
0.9 0.9 0.1 0.1 0.9 0.9 0.9 0.9 0.1 0.1 0.9 0.9 0.9 0.9 0.1 0.1 0.9 0.9 0.9 0.9 0.1 0.1 0.9 0.9 0.9 0.9 0.1 0.1 0.9 0.9 0.9 0.9 0.1 0.1 0.9 0.9 
0.9 0.1 0.1 0.1 0.1 0.9 0.1 0.1 0.9 0.9 0.1 0.1 0.1 0.1 0.9 0.9 0.1 0.1 0.1 0.1 0.9 0.9 0.1 0.1 0.1 0.1 0.9 0.9 0.1 0.1 0.9 0.1 0.1 0.1 0.1 0.9 
0.9 0.1 0.1 0.1 0.1 0.9 0.1 0.1 0.9 0.9 0.1 0.1 0.1 0.1 0.9 0.9 0.1 0.1 0.1 0.1 0.9 0.9 0.1 0.1 0.1 0.1 0.9 0.9 0.1 0.1 0.9 0.1 0.1 0.1 0.1 0.9 
0.9 0.1 0.1 0.1 0.1 0.9 0.1 0.1 0.9 0.9 0.1 0.1 0.1 0.1 0.9 0.9 0.1 0.1 0.1 0.1 0.9 0.9 0.1 0.1 0.1 0.1 0.9 0.9 0.1 0.1 0.9 0.1 0.1 0.1 0.1 0.9 
0.9 0.1 0.1 0.1 0.1 0.9 0.1 0.1 0.9 0.9 0.1 0.1 0.1 0.1 0.9 0.9 0.1 0.1 0.1 0.1 0.9 0.9 0.1 0.1 0.1 0.1 0.9 0.9 0.1 0.1 0.9 0.1 0.1 0.1 0.1 0.9 
0.9 0.1 0.1 0.1 0.1 0.9 0.1 0.1 0.9 0.9 0.1 0.1 0.1 0.1 0.9 0.9 0.1 0.1 0.1 0.1 0.9 0.9 0.1 0.1 0.1 0.1 0.9 0.9 0.1 0.1 0.9 0.1 0.1 0.1 0.1 0.9 
0.9 0.9 0.1 0.1 0.9 0.9 0.9 0.9 0.1 0.1 0.9 0.9 0.9 0.9 0.1 0.1 0.9 0.9 0.9 0.9 0.1 0.1 0.9 0.9 0.9 0.9 0.1 0.1 0.9 0.9 0.9 0.9 0.1 0.1 0.9 0.9 
0.9 0.9 0.1 0.1 0.9 0.9 0.9 0.9 0.1 0.1 0.9 0.9 0.9 0.9 0.1 0.1 0.9 0.9 0.9 0.9 0.1 0.1 0.9 0.9 0.9 0.9 0.1 0.1 0.9 0.9 0.9 0.9 0.1 0.1 0.9 0.9 
0.9 0.1 0.1 0.1 0.1 0.9 0.1 0.1 0.9 0.9 0.1 0.1 0.9 0.9 0.9 0.9 0.1 0.1 0.9 0.9 0.1 0.1 0.1 0.9 0.9 0.1 0.1 0.9 0.9 0.9 0.1 0.1 0.1 0.1 0.1 0.1 
0.9 0.1 0.1 0.1 0.1 0.9 0.1 0.1 0.9 0.9 0.1 0.1 0.9 0.9 0.9 0.9 0.1 0.1 0.9 0.9 0.1 0.1 0.1 0.9 0.9 0.1 0.1 0.9 0.9 0.9 0.1 0.1 0.1 0.1 0.1 0.1 
0.9 0.9 0.1 0.1 0.9 0.9 0.9 0.9 0.1 0.1 0.9 0.9 0.9 0.9 0.1 0.1 0.9 0.9 0.9 0.9 0.1 0.1 0.9 0.9 0.9 0.9 0.1 0.1 0.9 0.9 0.9 0.9 0.1 0.1 0.9 0.9 
0.9 0.9 0.1 0.1 0.9 0.9 0.9 0.9 0.1 0.1 0.9 0.9 0.9 0.9 0.1 0.1 0.9 0.9 0.9 0.9 0.1 0.1 0.9 0.9 0.9 0.9 0.1 0.1 0.9 0.9 0.9 0.9 0.1 0.1 0.9 0.9 
0.9 0.1 0.1 0.1 0.1 0.9 0.1 0.1 0.9 0.9 0.1 0.1 0.1 0.1 0.9 0.9 0.1 0.1 0.1 0.1 0.9 0.9 0.1 0.1 0.1 0.1 0.9 0.9 0.1 0.1 0.9 0.1 0.1 0.1 0.1 0.9 
0.9 0.1 0.1 0.1 0.1 0.9 0.1 0.1 0.9 0.9 0.1 0.1 0.1 0.1 0.9 0.9 0.1 0.1 0.1 0.1 0.9 0.9 0.1 0.1 0.1 0.1 0.9 0.9 0.1 0.1 0.9 0.1 0.1 0.1 0.1 0.9 
0.9 0.9 0.1 0.1 0.9 0.9 0.9 0.9 0.1 0.1 0.9 0.9 0.9 0.9 0.1 0.1 0.9 0.9 0.9 0.9 0.1 0.1 0.9 0.9 0.9 0.9 0.1 0.1 0.9 0.9 0.9 0.9 0.1 0.1 0.9 0.9 
0.9 0.9 0.1 0.1 0.9 0.9 0.9 0.9 0.1 0.1 0.9 0.9 0.9 0.9 0.1 0.1 0.9 0.9 0.9 0.9 0.1 0.1 0.9 0.9 0.9 0.9 0.1 0.1 0.9 0.9 0.9 0.9 0.1 0.1 0.9 0.9 
0.9 0.1 0.1 0.1 0.1 0.9 0.1 0.1 0.9 0.9 0.1 0.1 0.9 0.9 0.9 0.9 0.1 0.1 0.9 0.9 0.1 0.1 0.1 0.9 0.9 0.1 0.1 0.9 0.9 0.9 0.1 0.1 0.1 0.1 0.1 0.1 
0.9 0.1 0.1 0.1 0.1 0.9 0.1 0.1 0.9 0.9 0.1 0.1 0.9 0.9 0.9 0.9 0.1 0.1 0.9 0.9 0.1 0.1 0.1 0.9 0.9 0.1 0.1 0.9 0.9 0.9 0.1 0.1 0.1 0.1 0.1 0.1 
0.9 0.9 0.1 0.1 0.9 0.9 0.9 0.9 0.1 0.1 0.9 0.9 0.9 0.9 0.1 0.1 0.9 0.9 0.9 0.9 0.1 0.1 0.9 0.9 0.9 0.9 0.1 0.1 0.9 0.9 0.9 0.9 0.1 0.1 0.9 0.9 
0.9 0.9 0.1 0.1 0.9 0.9 0.9 0.9 0.1 0.1 0.9 0.9 0.9 0.9 0.1 0.1 0.9 0.9 0.9 0.9 0.1 0.1 0.9 0.9 0.9 0.9 0.1 0.1 0.9 0.9 0.9 0.9 0.1 0.1 0.9 0.9 
0.9 0.1 0.1 0.1 0.1 0.9 0.1 0.1 0.9 0.9 0.1 0.1 0.1 0.1 0.9 0.9 0.1 0.1 0.1 0.1 0.9 0.9 0.1 0.1 0.1 0.1 0.9 0.9 0.1 0.1 0.9 0.1 0.1 0.1 0.1 0.9 
0.9 0.1 0.1 0.1 0.1 0.9 0.1 0.1 0.9 0.9 0.1 0.1 0.1 0.1 0.9 0.9 0.1 0.1 0.1 0.1 0.9 0.9 0.1 0.1 0.1 0.1 0.9 0.9 0.1 0.1 0.9 0.1 0.1 0.1 0.1 0.9 
0.9 0.9 0.1 0.1 0.9 0.9 0.9 0.9 0.1 0.1 0.9 0.9 0.9 0.9 0.1 0.1 0.9 0.9 0.9 0.9 0.1 0.1 0.9 0.9 0.9 0.9 0.1 0.1 0.9 0.9 0.9 0.9 0.1 0.1 0.9 0.9 
0.9 0.9 0.1 0.1 0.9 0.9 0.9 0.9 0.1 0.1 0.9 0.9 0.9 0.9 0.1 0.1 0.9 0.9 0.9 0.9 0.1 0.1 0.9 0.9 0.9 0.9 0.1 0.1 0.9 0.9 0.9 0.9 0.1 0.1 0.9 0.9 
--------------
test_output matrix
2 
1 
2 
2 
2 
0 
1 
1 
1 
0 
0 
0 
0 
2 
1 
1 
1 
2 
2 
0 
1 
2 
0 
0 
2 
2 
1 
2 
2 
1 
2 
1 
0 
2 
2 
0 
0 
0 
1 
2 
1 
2 
2 
1 
2 
2 
0 
0 
1 
0 
2 
0 
0 
2 
1 
2 
2 
2 
1 
1 
1 
1 
1 
0 
1 
0 
0 
2 
1 
2 
2 
2 
2 
1 
2 
1 
1 
0 
0 
0 
0 
0 
1 
1 
2 
2 
1 
1 
0 
0 
1 
1 
2 
2 
1 
1 
0 
0 
1 
1 
--------------
Sizes : 4: 100 : 100 : 100 : 100
Weight matrix
-0.102489500683 0.027931163707 -0.001346534777 -0.085081962588 0.056193505906 -0.018671480932 -0.038087295108 0.131898536576 -0.081576070877 0.105478057176 0.076134828186 0.107862004780 0.004854664435 -0.055404058727 -0.052301120541 0.050228223643 -0.021365662614 -0.018062043065 0.017443131349 -0.119870392528 
digit : 2
digit : 1
digit : 2
digit : 2
digit : 2
digit : 0
digit : 1
digit : 1
digit : 1
digit : 0
digit : 0
digit : 0
digit : 0
digit : 2
digit : 1
digit : 1
digit : 1
digit : 2
digit : 2
digit : 0
digit : 1
digit : 2
digit : 0
digit : 0
digit : 2
digit : 2
digit : 1
digit : 2
digit : 2
digit : 1
digit : 2
digit : 1
digit : 0
digit : 2
digit : 2
digit : 0
digit : 0
digit : 0
digit : 1
digit : 2
digit : 1
digit : 2
digit : 2
digit : 1
digit : 2
digit : 2
digit : 0
digit : 0
digit : 1
digit : 0
digit : 2
digit : 0
digit : 0
digit : 2
digit : 1
digit : 2
digit : 2
digit : 2
digit : 1
digit : 1
digit : 1
digit : 1
digit : 1
digit : 0
digit : 1
digit : 0
digit : 0
digit : 2
digit : 1
digit : 2
digit : 2
digit : 2
digit : 2
digit : 1
digit : 2
digit : 1
digit : 1
digit : 0
digit : 0
digit : 0
digit : 0
digit : 0
digit : 1
digit : 1
digit : 2
digit : 2
digit : 1
digit : 1
digit : 0
digit : 0
digit : 1
digit : 1
digit : 2
digit : 2
digit : 1
digit : 1
digit : 0
digit : 0
digit : 1
digit : 1
total : 100 validated : 100
accuracy : 1.000000000000
