structure matrix
36 
20 
10 
3 
--------------
digit_encoding matrix
0.1 0.9 0.9 0.9 0.9 0.9 0.9 0.9 0.9 0.9 
0.9 0.1 0.9 0.9 0.9 0.9 0.9 0.9 0.9 0.9 
0.9 0.9 0.1 0.9 0.9 0.9 0.9 0.9 0.9 0.9 
0.9 0.9 0.9 0.1 0.9 0.9 0.9 0.9 0.9 0.9 
0.9 0.9 0.9 0.9 0.1 0.9 0.9 0.9 0.9 0.9 
0.9 0.9 0.9 0.9 0.9 0.1 0.9 0.9 0.9 0.9 
0.9 0.9 0.9 0.9 0.9 0.9 0.1 0.9 0.9 0.9 
0.9 0.9 0.9 0.9 0.9 0.9 0.9 0.1 0.9 0.9 
0.9 0.9 0.9 0.9 0.9 0.9 0.9 0.9 0.1 0.9 
0.9 0.9 0.9 0.9 0.9 0.9 0.9 0.9 0.9 0.1 
--------------
Train input matrix
0.9 0.1 0.1 0.1 0.1 0.9 0.1 0.1 0.9 0.9 0.1 0.1 0.9 0.9 0.9 0.9 0.1 0.1 0.9 0.9 0.1 0.1 0.1 0.9 0.9 0.1 0.1 0.9 0.9 0.9 0.1 0.1 0.1 0.1 0.1 0.1 
0.9 0.1 0.1 0.1 0.1 0.9 0.1 0.1 0.9 0.9 0.1 0.1 0.9 0.9 0.9 0.9 0.1 0.1 0.9 0.9 0.1 0.1 0.1 0.9 0.9 0.1 0.1 0.9 0.9 0.9 0.1 0.1 0.1 0.1 0.1 0.1 
0.9 0.1 0.1 0.1 0.1 0.9 0.1 0.1 0.9 0.9 0.1 0.1 0.9 0.9 0.9 0.9 0.1 0.1 0.9 0.9 0.1 0.1 0.1 0.9 0.9 0.1 0.1 0.9 0.9 0.9 0.1 0.1 0.1 0.1 0.1 0.1 
0.9 0.1 0.1 0.1 0.1 0.9 0.1 0.1 0.9 0.9 0.1 0.1 0.1 0.1 0.9 0.9 0.1 0.1 0.1 0.1 0.9 0.9 0.1 0.1 0.1 0.1 0.9 0.9 0.1 0.1 0.9 0.1 0.1 0.1 0.1 0.9 
0.9 0.1 0.1 0.1 0.1 0.9 0.1 0.1 0.9 0.9 0.1 0.1 0.1 0.1 0.9 0.9 0.1 0.1 0.1 0.1 0.9 0.9 0.1 0.1 0.1 0.1 0.9 0.9 0.1 0.1 0.9 0.1 0.1 0.1 0.1 0.9 
0.9 0.1 0.1 0.1 0.1 0.9 0.1 0.1 0.9 0.9 0.1 0.1 0.1 0.1 0.9 0.9 0.1 0.1 0.1 0.1 0.9 0.9 0.1 0.1 0.1 0.1 0.9 0.9 0.1 0.1 0.9 0.1 0.1 0.1 0.1 0.9 
0.9 0.9 0.1 0.1 0.9 0.9 0.9 0.9 0.1 0.1 0.9 0.9 0.9 0.9 0.1 0.1 0.9 0.9 0.9 0.9 0.1 0.1 0.9 0.9 0.9 0.9 0.1 0.1 0.9 0.9 0.9 0.9 0.1 0.1 0.9 0.9 
0.9 0.1 0.1 0.1 0.1 0.9 0.1 0.1 0.9 0.9 0.1 0.1 0.1 0.1 0.9 0.9 0.1 0.1 0.1 0.1 0.9 0.9 0.1 0.1 0.1 0.1 0.9 0.9 0.1 0.1 0.9 0.1 0.1 0.1 0.1 0.9 
0.9 0.1 0.1 0.1 0.1 0.9 0.1 0.1 0.9 0.9 0.1 0.1 0.1 0.1 0.9 0.9 0.1 0.1 0.1 0.1 0.9 0.9 0.1 0.1 0.1 0.1 0.9 0.9 0.1 0.1 0.9 0.1 0.1 0.1 0.1 0.9 
0.9 0.1 0.1 0.1 0.1 0.9 0.1 0.1 0.9 0.9 0.1 0.1 0.9 0.9 0.9 0.9 0.1 0.1 0.9 0.9 0.1 0.1 0.1 0.9 0.9 0.1 0.1 0.9 0.9 0.9 0.1 0.1 0.1 0.1 0.1 0.1 
0.9 0.9 0.1 0.1 0.9 0.9 0.9 0.9 0.1 0.1 0.9 0.9 0.9 0.9 0.1 0.1 0.9 0.9 0.9 0.9 0.1 0.1 0.9 0.9 0.9 0.9 0.1 0.1 0.9 0.9 0.9 0.9 0.1 0.1 0.9 0.9 
0.9 0.1 0.1 0.1 0.1 0.9 0.1 0.1 0.9 0.9 0.1 0.1 0.9 0.9 0.9 0.9 0.1 0.1 0.9 0.9 0.1 0.1 0.1 0.9 0.9 0.1 0.1 0.9 0.9 0.9 0.1 0.1 0.1 0.1 0.1 0.1 
0.9 0.9 0.1 0.1 0.9 0.9 0.9 0.9 0.1 0.1 0.9 0.9 0.9 0.9 0.1 0.1 0.9 0.9 0.9 0.9 0.1 0.1 0.9 0.9 0.9 0.9 0.1 0.1 0.9 0.9 0.9 0.9 0.1 0.1 0.9 0.9 
0.9 0.1 0.1 0.1 0.1 0.9 0.1 0.1 0.9 0.9 0.1 0.1 0.1 0.1 0.9 0.9 0.1 0.1 0.1 0.1 0.9 0.9 0.1 0.1 0.1 0.1 0.9 0.9 0.1 0.1 0.9 0.1 0.1 0.1 0.1 0.9 
0.9 0.1 0.1 0.1 0.1 0.9 0.1 0.1 0.9 0.9 0.1 0.1 0.1 0.1 0.9 0.9 0.1 0.1 0.1 0.1 0.9 0.9 0.1 0.1 0.1 0.1 0.9 0.9 0.1 0.1 0.9 0.1 0.1 0.1 0.1 0.9 
0.9 0.9 0.1 0.1 0.9 0.9 0.9 0.9 0.1 0.1 0.9 0.9 0.9 0.9 0.1 0.1 0.9 0.9 0.9 0.9 0.1 0.1 0.9 0.9 0.9 0.9 0.1 0.1 0.9 0.9 0.9 0.9 0.1 0.1 0.9 0.9 
0.9 0.9 0.1 0.1 0.9 0.9 0.9 0.9 0.1 0.1 0.9 0.9 0.9 0.9 0.1 0.1 0.9 0.9 0.9 0.9 0.1 0.1 0.9 0.9 0.9 0.9 0.1 0.1 0.9 0.9 0.9 0.9 0.1 0.1 0.9 0.9 
0.9 0.9 0.1 0.1 0.9 0.9 0.9 0.9 0.1 0.1 0.9 0.9 0.9 0.9 0.1 0.1 0.9 0.9 0.9 0.9 0.1 0.1 0.9 0.9 0.9 0.9 0.1 0.1 0.9 0.9 0.9 0.9 0.1 0.1 0.9 0.9 
0.9 0.1 0.1 0.1 0.1 0.9 0.1 0.1 0.9 0.9 0.1 0.1 0.9 0.9 0.9 0.9 0.1 0.1 0.9 0.9 0.1 0.1 0.1 0.9 0.9 0.1 0.1 0.9 0.9 0.9 0.1 0.1 0.1 0.1 0.1 0.1 
0.9 0.1 0.1 0.1 0.1 0.9 0.1 0.1 0.9 0.9 0.1 0.1 0.9 0.9 0.9 0.9 0.1 0.1 0.9 0.9 0.1 0.1 0.1 0.9 0.9 0.1 0.1 0.9 0.9 0.9 0.1 0.1 0.1 0.1 0.1 0.1 
0.9 0.1 0.1 0.1 0.1 0.9 0.1 0.1 0.9 0.9 0.1 0.1 0.9 0.9 0.9 0.9 0.1 0.1 0.9 0.9 0.1 0.1 0.1 0.9 0.9 0.1 0.1 0.9 0.9 0.9 0.1 0.1 0.1 0.1 0.1 0.1 
0.9 0.9 0.1 0.1 0.9 0.9 0.9 0.9 0.1 0.1 0.9 0.9 0.9 0.9 0.1 0.1 0.9 0.9 0.9 0.9 0.1 0.1 0.9 0.9 0.9 0.9 0.1 0.1 0.9 0.9 0.9 0.9 0.1 0.1 0.9 0.9 
0.9 0.9 0.1 0.1 0.9 0.9 0.9 0.9 0.1 0.1 0.9 0.9 0.9 0.9 0.1 0.1 0.9 0.9 0.9 0.9 0.1 0.1 0.9 0.9 0.9 0.9 0.1 0.1 0.9 0.9 0.9 0.9 0.1 0.1 0.9 0.9 
0.9 0.1 0.1 0.1 0.1 0.9 0.1 0.1 0.9 0.9 0.1 0.1 0.9 0.9 0.9 0.9 0.1 0.1 0.9 0.9 0.1 0.1 0.1 0.9 0.9 0.1 0.1 0.9 0.9 0.9 0.1 0.1 0.1 0.1 0.1 0.1 
0.9 0.9 0.1 0.1 0.9 0.9 0.9 0.9 0.1 0.1 0.9 0.9 0.9 0.9 0.1 0.1 0.9 0.9 0.9 0.9 0.1 0.1 0.9 0.9 0.9 0.9 0.1 0.1 0.9 0.9 0.9 0.9 0.1 0.1 0.9 0.9 
0.9 0.1 0.1 0.1 0.1 0.9 0.1 0.1 0.9 0.9 0.1 0.1 0.1 0.1 0.9 0.9 0.1 0.1 0.1 0.1 0.9 0.9 0.1 0.1 0.1 0.1 0.9 0.9 0.1 0.1 0.9 0.1 0.1 0.1 0.1 0.9 
0.9 0.9 0.1 0.1 0.9 0.9 0.9 0.9 0.1 0.1 0.9 0.9 0.9 0.9 0.1 0.1 0.9 0.9 0.9 0.9 0.1 0.1 0.9 0.9 0.9 0.9 0.1 0.1 0.9 0.9 0.9 0.9 0.1 0.1 0.9 0.9 
0.9 0.9 0.1 0.1 0.9 0.9 0.9 0.9 0.1 0.1 0.9 0.9 0.9 0.9 0.1 0.1 0.9 0.9 0.9 0.9 0.1 0.1 0.9 0.9 0.9 0.9 0.1 0.1 0.9 0.9 0.9 0.9 0.1 0.1 0.9 0.9 
0.9 0.1 0.1 0.1 0.1 0.9 0.1 0.1 0.9 0.9 0.1 0.1 0.9 0.9 0.9 0.9 0.1 0.1 0.9 0.9 0.1 0.1 0.1 0.9 0.9 0.1 0.1 0.9 0.9 0.9 0.1 0.1 0.1 0.1 0.1 0.1 
0.9 0.9 0.1 0.1 0.9 0.9 0.9 0.9 0.1 0.1 0.9 0.9 0.9 0.9 0.1 0.1 0.9 0.9 0.9 0.9 0.1 0.1 0.9 0.9 0.9 0.9 0.1 0.1 0.9 0.9 0.9 0.9 0.1 0.1 0.9 0.9 
0.9 0.1 0.1 0.1 0.1 0.9 0.1 0.1 0.9 0.9 0.1 0.1 0.9 0.9 0.9 0.9 0.1 0.1 0.9 0.9 0.1 0.1 0.1 0.9 0.9 0.1 0.1 0.9 0.9 0.9 0.1 0.1 0.1 0.1 0.1 0.1 
0.9 0.1 0.1 0.1 0.1 0.9 0.1 0.1 0.9 0.9 0.1 0.1 0.9 0.9 0.9 0.9 0.1 0.1 0.9 0.9 0.1 0.1 0.1 0.9 0.9 0.1 0.1 0.9 0.9 0.9 0.1 0.1 0.1 0.1 0.1 0.1 
0.9 0.1 0.1 0.1 0.1 0.9 0.1 0.1 0.9 0.9 0.1 0.1 0.9 0.9 0.9 0.9 0.1 0.1 0.9 0.9 0.1 0.1 0.1 0.9 0.9 0.1 0.1 0.9 0.9 0.9 0.1 0.1 0.1 0.1 0.1 0.1 
0.9 0.1 0.1 0.1 0.1 0.9 0.1 0.1 0.9 0.9 0.1 0.1 0.9 0.9 0.9 0.9 0.1 0.1 0.9 0.9 0.1 0.1 0.1 0.9 0.9 0.1 0.1 0.9 0.9 0.9 0.1 0.1 0.1 0.1 0.1 0.1 
0.9 0.1 0.1 0.1 0.1 0.9 0.1 0.1 0.9 0.9 0.1 0.1 0.1 0.1 0.9 0.9 0.1 0.1 0.1 0.1 0.9 0.9 0.1 0.1 0.1 0.1 0.9 0.9 0.1 0.1 0.9 0.1 0.1 0.1 0.1 0.9 
0.9 0.1 0.1 0.1 0.1 0.9 0.1 0.1 0.9 0.9 0.1 0.1 0.1 0.1 0.9 0.9 0.1 0.1 0.1 0.1 0.9 0.9 0.1 0.1 0.1 0.1 0.9 0.9 0.1 0.1 0.9 0.1 0.1 0.1 0.1 0.9 
0.9 0.1 0.1 0.1 0.1 0.9 0.1 0.1 0.9 0.9 0.1 0.1 0.1 0.1 0.9 0.9 0.1 0.1 0.1 0.1 0.9 0.9 0.1 0.1 0.1 0.1 0.9 0.9 0.1 0.1 0.9 0.1 0.1 0.1 0.1 0.9 
0.9 0.1 0.1 0.1 0.1 0.9 0.1 0.1 0.9 0.9 0.1 0.1 0.1 0.1 0.9 0.9 0.1 0.1 0.1 0.1 0.9 0.9 0.1 0.1 0.1 0.1 0.9 0.9 0.1 0.1 0.9 0.1 0.1 0.1 0.1 0.9 
0.9 0.1 0.1 0.1 0.1 0.9 0.1 0.1 0.9 0.9 0.1 0.1 0.1 0.1 0.9 0.9 0.1 0.1 0.1 0.1 0.9 0.9 0.1 0.1 0.1 0.1 0.9 0.9 0.1 0.1 0.9 0.1 0.1 0.1 0.1 0.9 
0.9 0.9 0.1 0.1 0.9 0.9 0.9 0.9 0.1 0.1 0.9 0.9 0.9 0.9 0.1 0.1 0.9 0.9 0.9 0.9 0.1 0.1 0.9 0.9 0.9 0.9 0.1 0.1 0.9 0.9 0.9 0.9 0.1 0.1 0.9 0.9 
0.9 0.1 0.1 0.1 0.1 0.9 0.1 0.1 0.9 0.9 0.1 0.1 0.1 0.1 0.9 0.9 0.1 0.1 0.1 0.1 0.9 0.9 0.1 0.1 0.1 0.1 0.9 0.9 0.1 0.1 0.9 0.1 0.1 0.1 0.1 0.9 
0.9 0.1 0.1 0.1 0.1 0.9 0.1 0.1 0.9 0.9 0.1 0.1 0.1 0.1 0.9 0.9 0.1 0.1 0.1 0.1 0.9 0.9 0.1 0.1 0.1 0.1 0.9 0.9 0.1 0.1 0.9 0.1 0.1 0.1 0.1 0.9 
0.9 0.1 0.1 0.1 0.1 0.9 0.1 0.1 0.9 0.9 0.1 0.1 0.1 0.1 0.9 0.9 0.1 0.1 0.1 0.1 0.9 0.9 0.1 0.1 0.1 0.1 0.9 0.9 0.1 0.1 0.9 0.1 0.1 0.1 0.1 0.9 
0.9 0.9 0.1 0.1 0.9 0.9 0.9 0.9 0.1 0.1 0.9 0.9 0.9 0.9 0.1 0.1 0.9 0.9 0.9 0.9 0.1 0.1 0.9 0.9 0.9 0.9 0.1 0.1 0.9 0.9 0.9 0.9 0.1 0.1 0.9 0.9 
0.9 0.1 0.1 0.1 0.1 0.9 0.1 0.1 0.9 0.9 0.1 0.1 0.1 0.1 0.9 0.9 0.1 0.1 0.1 0.1 0.9 0.9 0.1 0.1 0.1 0.1 0.9 0.9 0.1 0.1 0.9 0.1 0.1 0.1 0.1 0.9 
0.9 0.9 0.1 0.1 0.9 0.9 0.9 0.9 0.1 0.1 0.9 0.9 0.9 0.9 0.1 0.1 0.9 0.9 0.9 0.9 0.1 0.1 0.9 0.9 0.9 0.9 0.1 0.1 0.9 0.9 0.9 0.9 0.1 0.1 0.9 0.9 
0.9 0.1 0.1 0.1 0.1 0.9 0.1 0.1 0.9 0.9 0.1 0.1 0.9 0.9 0.9 0.9 0.1 0.1 0.9 0.9 0.1 0.1 0.1 0.9 0.9 0.1 0.1 0.9 0.9 0.9 0.1 0.1 0.1 0.1 0.1 0.1 
0.9 0.9 0.1 0.1 0.9 0.9 0.9 0.9 0.1 0.1 0.9 0.9 0.9 0.9 0.1 0.1 0.9 0.9 0.9 0.9 0.1 0.1 0.9 0.9 0.9 0.9 0.1 0.1 0.9 0.9 0.9 0.9 0.1 0.1 0.9 0.9 
0.9 0.1 0.1 0.1 0.1 0.9 0.1 0.1 0.9 0.9 0.1 0.1 0.9 0.9 0.9 0.9 0.1 0.1 0.9 0.9 0.1 0.1 0.1 0.9 0.9 0.1 0.1 0.9 0.9 0.9 0.1 0.1 0.1 0.1 0.1 0.1 
0.9 0.1 0.1 0.1 0.1 0.9 0.1 0.1 0.9 0.9 0.1 0.1 0.1 0.1 0.9 0.9 0.1 0.1 0.1 0.1 0.9 0.9 0.1 0.1 0.1 0.1 0.9 0.9 0.1 0.1 0.9 0.1 0.1 0.1 0.1 0.9 
0.9 0.9 0.1 0.1 0.9 0.9 0.9 0.9 0.1 0.1 0.9 0.9 0.9 0.9 0.1 0.1 0.9 0.9 0.9 0.9 0.1 0.1 0.9 0.9 0.9 0.9 0.1 0.1 0.9 0.9 0.9 0.9 0.1 0.1 0.9 0.9 
0.9 0.9 0.1 0.1 0.9 0.9 0.9 0.9 0.1 0.1 0.9 0.9 0.9 0.9 0.1 0.1 0.9 0.9 0.9 0.9 0.1 0.1 0.9 0.9 0.9 0.9 0.1 0.1 0.9 0.9 0.9 0.9 0.1 0.1 0.9 0.9 
0.9 0.9 0.1 0.1 0.9 0.9 0.9 0.9 0.1 0.1 0.9 0.9 0.9 0.9 0.1 0.1 0.9 0.9 0.9 0.9 0.1 0.1 0.9 0.9 0.9 0.9 0.1 0.1 0.9 0.9 0.9 0.9 0.1 0.1 0.9 0.9 
0.9 0.1 0.1 0.1 0.1 0.9 0.1 0.1 0.9 0.9 0.1 0.1 0.9 0.9 0.9 0.9 0.1 0.1 0.9 0.9 0.1 0.1 0.1 0.9 0.9 0.1 0.1 0.9 0.9 0.9 0.1 0.1 0.1 0.1 0.1 0.1 
0.9 0.1 0.1 0.1 0.1 0.9 0.1 0.1 0.9 0.9 0.1 0.1 0.9 0.9 0.9 0.9 0.1 0.1 0.9 0.9 0.1 0.1 0.1 0.9 0.9 0.1 0.1 0.9 0.9 0.9 0.1 0.1 0.1 0.1 0.1 0.1 
0.9 0.1 0.1 0.1 0.1 0.9 0.1 0.1 0.9 0.9 0.1 0.1 0.1 0.1 0.9 0.9 0.1 0.1 0.1 0.1 0.9 0.9 0.1 0.1 0.1 0.1 0.9 0.9 0.1 0.1 0.9 0.1 0.1 0.1 0.1 0.9 
0.9 0.1 0.1 0.1 0.1 0.9 0.1 0.1 0.9 0.9 0.1 0.1 0.1 0.1 0.9 0.9 0.1 0.1 0.1 0.1 0.9 0.9 0.1 0.1 0.1 0.1 0.9 0.9 0.1 0.1 0.9 0.1 0.1 0.1 0.1 0.9 
0.9 0.9 0.1 0.1 0.9 0.9 0.9 0.9 0.1 0.1 0.9 0.9 0.9 0.9 0.1 0.1 0.9 0.9 0.9 0.9 0.1 0.1 0.9 0.9 0.9 0.9 0.1 0.1 0.9 0.9 0.9 0.9 0.1 0.1 0.9 0.9 
0.9 0.9 0.1 0.1 0.9 0.9 0.9 0.9 0.1 0.1 0.9 0.9 0.9 0.9 0.1 0.1 0.9 0.9 0.9 0.9 0.1 0.1 0.9 0.9 0.9 0.9 0.1 0.1 0.9 0.9 0.9 0.9 0.1 0.1 0.9 0.9 
0.9 0.1 0.1 0.1 0.1 0.9 0.1 0.1 0.9 0.9 0.1 0.1 0.1 0.1 0.9 0.9 0.1 0.1 0.1 0.1 0.9 0.9 0.1 0.1 0.1 0.1 0.9 0.9 0.1 0.1 0.9 0.1 0.1 0.1 0.1 0.9 
0.9 0.1 0.1 0.1 0.1 0.9 0.1 0.1 0.9 0.9 0.1 0.1 0.9 0.9 0.9 0.9 0.1 0.1 0.9 0.9 0.1 0.1 0.1 0.9 0.9 0.1 0.1 0.9 0.9 0.9 0.1 0.1 0.1 0.1 0.1 0.1 
0.9 0.1 0.1 0.1 0.1 0.9 0.1 0.1 0.9 0.9 0.1 0.1 0.1 0.1 0.9 0.9 0.1 0.1 0.1 0.1 0.9 0.9 0.1 0.1 0.1 0.1 0.9 0.9 0.1 0.1 0.9 0.1 0.1 0.1 0.1 0.9 
0.9 0.1 0.1 0.1 0.1 0.9 0.1 0.1 0.9 0.9 0.1 0.1 0.1 0.1 0.9 0.9 0.1 0.1 0.1 0.1 0.9 0.9 0.1 0.1 0.1 0.1 0.9 0.9 0.1 0.1 0.9 0.1 0.1 0.1 0.1 0.9 
0.9 0.9 0.1 0.1 0.9 0.9 0.9 0.9 0.1 0.1 0.9 0.9 0.9 0.9 0.1 0.1 0.9 0.9 0.9 0.9 0.1 0.1 0.9 0.9 0.9 0.9 0.1 0.1 0.9 0.9 0.9 0.9 0.1 0.1 0.9 0.9 
0.9 0.1 0.1 0.1 0.1 0.9 0.1 0.1 0.9 0.9 0.1 0.1 0.1 0.1 0.9 0.9 0.1 0.1 0.1 0.1 0.9 0.9 0.1 0.1 0.1 0.1 0.9 0.9 0.1 0.1 0.9 0.1 0.1 0.1 0.1 0.9 
0.9 0.9 0.1 0.1 0.9 0.9 0.9 0.9 0.1 0.1 0.9 0.9 0.9 0.9 0.1 0.1 0.9 0.9 0.9 0.9 0.1 0.1 0.9 0.9 0.9 0.9 0.1 0.1 0.9 0.9 0.9 0.9 0.1 0.1 0.9 0.9 
0.9 0.1 0.1 0.1 0.1 0.9 0.1 0.1 0.9 0.9 0.1 0.1 0.9 0.9 0.9 0.9 0.1 0.1 0.9 0.9 0.1 0.1 0.1 0.9 0.9 0.1 0.1 0.9 0.9 0.9 0.1 0.1 0.1 0.1 0.1 0.1 
0.9 0.9 0.1 0.1 0.9 0.9 0.9 0.9 0.1 0.1 0.9 0.9 0.9 0.9 0.1 0.1 0.9 0.9 0.9 0.9 0.1 0.1 0.9 0.9 0.9 0.9 0.1 0.1 0.9 0.9 0.9 0.9 0.1 0.1 0.9 0.9 
0.9 0.1 0.1 0.1 0.1 0.9 0.1 0.1 0.9 0.9 0.1 0.1 0.9 0.9 0.9 0.9 0.1 0.1 0.9 0.9 0.1 0.1 0.1 0.9 0.9 0.1 0.1 0.9 0.9 0.9 0.1 0.1 0.1 0.1 0.1 0.1 
0.9 0.1 0.1 0.1 0.1 0.9 0.1 0.1 0.9 0.9 0.1 0.1 0.1 0.1 0.9 0.9 0.1 0.1 0.1 0.1 0.9 0.9 0.1 0.1 0.1 0.1 0.9 0.9 0.1 0.1 0.9 0.1 0.1 0.1 0.1 0.9 
0.9 0.1 0.1 0.1 0.1 0.9 0.1 0.1 0.9 0.9 0.1 0.1 0.1 0.1 0.9 0.9 0.1 0.1 0.1 0.1 0.9 0.9 0.1 0.1 0.1 0.1 0.9 0.9 0.1 0.1 0.9 0.1 0.1 0.1 0.1 0.9 
0.9 0.1 0.1 0.1 0.1 0.9 0.1 0.1 0.9 0.9 0.1 0.1 0.9 0.9 0.9 0.9 0.1 0.1 0.9 0.9 0.1 0.1 0.1 0.9 0.9 0.1 0.1 0.9 0.9 0.9 0.1 0.1 0.1 0.1 0.1 0.1 
0.9 0.9 0.1 0.1 0.9 0.9 0.9 0.9 0.1 0.1 0.9 0.9 0.9 0.9 0.1 0.1 0.9 0.9 0.9 0.9 0.1 0.1 0.9 0.9 0.9 0.9 0.1 0.1 0.9 0.9 0.9 0.9 0.1 0.1 0.9 0.9 
0.9 0.9 0.1 0.1 0.9 0.9 0.9 0.9 0.1 0.1 0.9 0.9 0.9 0.9 0.1 0.1 0.9 0.9 0.9 0.9 0.1 0.1 0.9 0.9 0.9 0.9 0.1 0.1 0.9 0.9 0.9 0.9 0.1 0.1 0.9 0.9 
0.9 0.1 0.1 0.1 0.1 0.9 0.1 0.1 0.9 0.9 0.1 0.1 0.9 0.9 0.9 0.9 0.1 0.1 0.9 0.9 0.1 0.1 0.1 0.9 0.9 0.1 0.1 0.9 0.9 0.9 0.1 0.1 0.1 0.1 0.1 0.1 
0.9 0.1 0.1 0.1 0.1 0.9 0.1 0.1 0.9 0.9 0.1 0.1 0.1 0.1 0.9 0.9 0.1 0.1 0.1 0.1 0.9 0.9 0.1 0.1 0.1 0.1 0.9 0.9 0.1 0.1 0.9 0.1 0.1 0.1 0.1 0.9 
0.9 0.1 0.1 0.1 0.1 0.9 0.1 0.1 0.9 0.9 0.1 0.1 0.9 0.9 0.9 0.9 0.1 0.1 0.9 0.9 0.1 0.1 0.1 0.9 0.9 0.1 0.1 0.9 0.9 0.9 0.1 0.1 0.1 0.1 0.1 0.1 
0.9 0.1 0.1 0.1 0.1 0.9 0.1 0.1 0.9 0.9 0.1 0.1 0.9 0.9 0.9 0.9 0.1 0.1 0.9 0.9 0.1 0.1 0.1 0.9 0.9 0.1 0.1 0.9 0.9 0.9 0.1 0.1 0.1 0.1 0.1 0.1 
0.9 0.1 0.1 0.1 0.1 0.9 0.1 0.1 0.9 0.9 0.1 0.1 0.9 0.9 0.9 0.9 0.1 0.1 0.9 0.9 0.1 0.1 0.1 0.9 0.9 0.1 0.1 0.9 0.9 0.9 0.1 0.1 0.1 0.1 0.1 0.1 
0.9 0.1 0.1 0.1 0.1 0.9 0.1 0.1 0.9 0.9 0.1 0.1 0.1 0.1 0.9 0.9 0.1 0.1 0.1 0.1 0.9 0.9 0.1 0.1 0.1 0.1 0.9 0.9 0.1 0.1 0.9 0.1 0.1 0.1 0.1 0.9 
0.9 0.1 0.1 0.1 0.1 0.9 0.1 0.1 0.9 0.9 0.1 0.1 0.9 0.9 0.9 0.9 0.1 0.1 0.9 0.9 0.1 0.1 0.1 0.9 0.9 0.1 0.1 0.9 0.9 0.9 0.1 0.1 0.1 0.1 0.1 0.1 
0.9 0.9 0.1 0.1 0.9 0.9 0.9 0.9 0.1 0.1 0.9 0.9 0.9 0.9 0.1 0.1 0.9 0.9 0.9 0.9 0.1 0.1 0.9 0.9 0.9 0.9 0.1 0.1 0.9 0.9 0.9 0.9 0.1 0.1 0.9 0.9 
0.9 0.1 0.1 0.1 0.1 0.9 0.1 0.1 0.9 0.9 0.1 0.1 0.9 0.9 0.9 0.9 0.1 0.1 0.9 0.9 0.1 0.1 0.1 0.9 0.9 0.1 0.1 0.9 0.9 0.9 0.1 0.1 0.1 0.1 0.1 0.1 
0.9 0.9 0.1 0.1 0.9 0.9 0.9 0.9 0.1 0.1 0.9 0.9 0.9 0.9 0.1 0.1 0.9 0.9 0.9 0.9 0.1 0.1 0.9 0.9 0.9 0.9 0.1 0.1 0.9 0.9 0.9 0.9 0.1 0.1 0.9 0.9 
0.9 0.9 0.1 0.1 0.9 0.9 0.9 0.9 0.1 0.1 0.9 0.9 0.9 0.9 0.1 0.1 0.9 0.9 0.9 0.9 0.1 0.1 0.9 0.9 0.9 0.9 0.1 0.1 0.9 0.9 0.9 0.9 0.1 0.1 0.9 0.9 
0.9 0.9 0.1 0.1 0.9 0.9 0.9 0.9 0.1 0.1 0.9 0.9 0.9 0.9 0.1 0.1 0.9 0.9 0.9 0.9 0.1 0.1 0.9 0.9 0.9 0.9 0.1 0.1 0.9 0.9 0.9 0.9 0.1 0.1 0.9 0.9 
0.9 0.1 0.1 0.1 0.1 0.9 0.1 0.1 0.9 0.9 0.1 0.1 0.9 0.9 0.9 0.9 0.1 0.1 0.9 0.9 0.1 0.1 0.1 0.9 0.9 0.1 0.1 0.9 0.9 0.9 0.1 0.1 0.1 0.1 0.1 0.1 
0.9 0.9 0.1 0.1 0.9 0.9 0.9 0.9 0.1 0.1 0.9 0.9 0.9 0.9 0.1 0.1 0.9 0.9 0.9 0.9 0.1 0.1 0.9 0.9 0.9 0.9 0.1 0.1 0.9 0.9 0.9 0.9 0.1 0.1 0.9 0.9 
0.9 0.1 0.1 0.1 0.1 0.9 0.1 0.1 0.9 0.9 0.1 0.1 0.1 0.1 0.9 0.9 0.1 0.1 0.1 0.1 0.9 0.9 0.1 0.1 0.1 0.1 0.9 0.9 0.1 0.1 0.9 0.1 0.1 0.1 0.1 0.9 
0.9 0.9 0.1 0.1 0.9 0.9 0.9 0.9 0.1 0.1 0.9 0.9 0.9 0.9 0.1 0.1 0.9 0.9 0.9 0.9 0.1 0.1 0.9 0.9 0.9 0.9 0.1 0.1 0.9 0.9 0.9 0.9 0.1 0.1 0.9 0.9 
0.9 0.1 0.1 0.1 0.1 0.9 0.1 0.1 0.9 0.9 0.1 0.1 0.9 0.9 0.9 0.9 0.1 0.1 0.9 0.9 0.1 0.1 0.1 0.9 0.9 0.1 0.1 0.9 0.9 0.9 0.1 0.1 0.1 0.1 0.1 0.1 
0.9 0.1 0.1 0.1 0.1 0.9 0.1 0.1 0.9 0.9 0.1 0.1 0.1 0.1 0.9 0.9 0.1 0.1 0.1 0.1 0.9 0.9 0.1 0.1 0.1 0.1 0.9 0.9 0.1 0.1 0.9 0.1 0.1 0.1 0.1 0.9 
0.9 0.1 0.1 0.1 0.1 0.9 0.1 0.1 0.9 0.9 0.1 0.1 0.9 0.9 0.9 0.9 0.1 0.1 0.9 0.9 0.1 0.1 0.1 0.9 0.9 0.1 0.1 0.9 0.9 0.9 0.1 0.1 0.1 0.1 0.1 0.1 
0.9 0.1 0.1 0.1 0.1 0.9 0.1 0.1 0.9 0.9 0.1 0.1 0.1 0.1 0.9 0.9 0.1 0.1 0.1 0.1 0.9 0.9 0.1 0.1 0.1 0.1 0.9 0.9 0.1 0.1 0.9 0.1 0.1 0.1 0.1 0.9 
0.9 0.1 0.1 0.1 0.1 0.9 0.1 0.1 0.9 0.9 0.1 0.1 0.9 0.9 0.9 0.9 0.1 0.1 0.9 0.9 0.1 0.1 0.1 0.9 0.9 0.1 0.1 0.9 0.9 0.9 0.1 0.1 0.1 0.1 0.1 0.1 
0.9 0.9 0.1 0.1 0.9 0.9 0.9 0.9 0.1 0.1 0.9 0.9 0.9 0.9 0.1 0.1 0.9 0.9 0.9 0.9 0.1 0.1 0.9 0.9 0.9 0.9 0.1 0.1 0.9 0.9 0.9 0.9 0.1 0.1 0.9 0.9 
0.9 0.1 0.1 0.1 0.1 0.9 0.1 0.1 0.9 0.9 0.1 0.1 0.9 0.9 0.9 0.9 0.1 0.1 0.9 0.9 0.1 0.1 0.1 0.9 0.9 0.1 0.1 0.9 0.9 0.9 0.1 0.1 0.1 0.1 0.1 0.1 
0.9 0.1 0.1 0.1 0.1 0.9 0.1 0.1 0.9 0.9 0.1 0.1 0.9 0.9 0.9 0.9 0.1 0.1 0.9 0.9 0.1 0.1 0.1 0.9 0.9 0.1 0.1 0.9 0.9 0.9 0.1 0.1 0.1 0.1 0.1 0.1 
0.9 0.1 0.1 0.1 0.1 0.9 0.1 0.1 0.9 0.9 0.1 0.1 0.1 0.1 0.9 0.9 0.1 0.1 0.1 0.1 0.9 0.9 0.1 0.1 0.1 0.1 0.9 0.9 0.1 0.1 0.9 0.1 0.1 0.1 0.1 0.9 
0.9 0.9 0.1 0.1 0.9 0.9 0.9 0.9 0.1 0.1 0.9 0.9 0.9 0.9 0.1 0.1 0.9 0.9 0.9 0.9 0.1 0.1 0.9 0.9 0.9 0.9 0.1 0.1 0.9 0.9 0.9 0.9 0.1 0.1 0.9 0.9 
--------------
train_output matrix
2 
2 
2 
0 
0 
0 
1 
0 
0 
2 
1 
2 
1 
0 
0 
1 
1 
1 
2 
2 
2 
1 
1 
2 
1 
0 
1 
1 
2 
1 
2 
2 
2 
2 
0 
0 
0 
0 
0 
1 
0 
0 
0 
1 
0 
1 
2 
1 
2 
0 
1 
1 
1 
2 
2 
0 
0 
1 
1 
0 
2 
0 
0 
1 
0 
1 
2 
1 
2 
0 
0 
2 
1 
1 
2 
0 
2 
2 
2 
0 
2 
1 
2 
1 
1 
1 
2 
1 
0 
1 
2 
0 
2 
0 
2 
1 
2 
2 
0 
1 
1 
--------------
test_inputTable matrix
0.9 0.1 0.1 0.1 0.1 0.9 0.1 0.1 0.9 0.9 0.1 0.1 0.9 0.9 0.9 0.9 0.1 0.1 0.9 0.9 0.1 0.1 0.1 0.9 0.9 0.1 0.1 0.9 0.9 0.9 0.1 0.1 0.1 0.1 0.1 0.1 
0.9 0.9 0.1 0.1 0.9 0.9 0.9 0.9 0.1 0.1 0.9 0.9 0.9 0.9 0.1 0.1 0.9 0.9 0.9 0.9 0.1 0.1 0.9 0.9 0.9 0.9 0.1 0.1 0.9 0.9 0.9 0.9 0.1 0.1 0.9 0.9 
0.9 0.1 0.1 0.1 0.1 0.9 0.1 0.1 0.9 0.9 0.1 0.1 0.9 0.9 0.9 0.9 0.1 0.1 0.9 0.9 0.1 0.1 0.1 0.9 0.9 0.1 0.1 0.9 0.9 0.9 0.1 0.1 0.1 0.1 0.1 0.1 
0.9 0.1 0.1 0.1 0.1 0.9 0.1 0.1 0.9 0.9 0.1 0.1 0.9 0.9 0.9 0.9 0.1 0.1 0.9 0.9 0.1 0.1 0.1 0.9 0.9 0.1 0.1 0.9 0.9 0.9 0.1 0.1 0.1 0.1 0.1 0.1 
0.9 0.1 0.1 0.1 0.1 0.9 0.1 0.1 0.9 0.9 0.1 0.1 0.9 0.9 0.9 0.9 0.1 0.1 0.9 0.9 0.1 0.1 0.1 0.9 0.9 0.1 0.1 0.9 0.9 0.9 0.1 0.1 0.1 0.1 0.1 0.1 
0.9 0.1 0.1 0.1 0.1 0.9 0.1 0.1 0.9 0.9 0.1 0.1 0.1 0.1 0.9 0.9 0.1 0.1 0.1 0.1 0.9 0.9 0.1 0.1 0.1 0.1 0.9 0.9 0.1 0.1 0.9 0.1 0.1 0.1 0.1 0.9 
0.9 0.9 0.1 0.1 0.9 0.9 0.9 0.9 0.1 0.1 0.9 0.9 0.9 0.9 0.1 0.1 0.9 0.9 0.9 0.9 0.1 0.1 0.9 0.9 0.9 0.9 0.1 0.1 0.9 0.9 0.9 0.9 0.1 0.1 0.9 0.9 
0.9 0.9 0.1 0.1 0.9 0.9 0.9 0.9 0.1 0.1 0.9 0.9 0.9 0.9 0.1 0.1 0.9 0.9 0.9 0.9 0.1 0.1 0.9 0.9 0.9 0.9 0.1 0.1 0.9 0.9 0.9 0.9 0.1 0.1 0.9 0.9 
0.9 0.9 0.1 0.1 0.9 0.9 0.9 0.9 0.1 0.1 0.9 0.9 0.9 0.9 0.1 0.1 0.9 0.9 0.9 0.9 0.1 0.1 0.9 0.9 0.9 0.9 0.1 0.1 0.9 0.9 0.9 0.9 0.1 0.1 0.9 0.9 
0.9 0.1 0.1 0.1 0.1 0.9 0.1 0.1 0.9 0.9 0.1 0.1 0.1 0.1 0.9 0.9 0.1 0.1 0.1 0.1 0.9 0.9 0.1 0.1 0.1 0.1 0.9 0.9 0.1 0.1 0.9 0.1 0.1 0.1 0.1 0.9 
0.9 0.1 0.1 0.1 0.1 0.9 0.1 0.1 0.9 0.9 0.1 0.1 0.1 0.1 0.9 0.9 0.1 0.1 0.1 0.1 0.9 0.9 0.1 0.1 0.1 0.1 0.9 0.9 0.1 0.1 0.9 0.1 0.1 0.1 0.1 0.9 
0.9 0.1 0.1 0.1 0.1 0.9 0.1 0.1 0.9 0.9 0.1 0.1 0.1 0.1 0.9 0.9 0.1 0.1 0.1 0.1 0.9 0.9 0.1 0.1 0.1 0.1 0.9 0.9 0.1 0.1 0.9 0.1 0.1 0.1 0.1 0.9 
0.9 0.1 0.1 0.1 0.1 0.9 0.1 0.1 0.9 0.9 0.1 0.1 0.1 0.1 0.9 0.9 0.1 0.1 0.1 0.1 0.9 0.9 0.1 0.1 0.1 0.1 0.9 0.9 0.1 0.1 0.9 0.1 0.1 0.1 0.1 0.9 
0.9 0.1 0.1 0.1 0.1 0.9 0.1 0.1 0.9 0.9 0.1 0.1 0.9 0.9 0.9 0.9 0.1 0.1 0.9 0.9 0.1 0.1 0.1 0.9 0.9 0.1 0.1 0.9 0.9 0.9 0.1 0.1 0.1 0.1 0.1 0.1 
0.9 0.9 0.1 0.1 0.9 0.9 0.9 0.9 0.1 0.1 0.9 0.9 0.9 0.9 0.1 0.1 0.9 0.9 0.9 0.9 0.1 0.1 0.9 0.9 0.9 0.9 0.1 0.1 0.9 0.9 0.9 0.9 0.1 0.1 0.9 0.9 
0.9 0.9 0.1 0.1 0.9 0.9 0.9 0.9 0.1 0.1 0.9 0.9 0.9 0.9 0.1 0.1 0.9 0.9 0.9 0.9 0.1 0.1 0.9 0.9 0.9 0.9 0.1 0.1 0.9 0.9 0.9 0.9 0.1 0.1 0.9 0.9 
0.9 0.9 0.1 0.1 0.9 0.9 0.9 0.9 0.1 0.1 0.9 0.9 0.9 0.9 0.1 0.1 0.9 0.9 0.9 0.9 0.1 0.1 0.9 0.9 0.9 0.9 0.1 0.1 0.9 0.9 0.9 0.9 0.1 0.1 0.9 0.9 
0.9 0.1 0.1 0.1 0.1 0.9 0.1 0.1 0.9 0.9 0.1 0.1 0.9 0.9 0.9 0.9 0.1 0.1 0.9 0.9 0.1 0.1 0.1 0.9 0.9 0.1 0.1 0.9 0.9 0.9 0.1 0.1 0.1 0.1 0.1 0.1 
0.9 0.1 0.1 0.1 0.1 0.9 0.1 0.1 0.9 0.9 0.1 0.1 0.9 0.9 0.9 0.9 0.1 0.1 0.9 0.9 0.1 0.1 0.1 0.9 0.9 0.1 0.1 0.9 0.9 0.9 0.1 0.1 0.1 0.1 0.1 0.1 
0.9 0.1 0.1 0.1 0.1 0.9 0.1 0.1 0.9 0.9 0.1 0.1 0.1 0.1 0.9 0.9 0.1 0.1 0.1 0.1 0.9 0.9 0.1 0.1 0.1 0.1 0.9 0.9 0.1 0.1 0.9 0.1 0.1 0.1 0.1 0.9 
0.9 0.9 0.1 0.1 0.9 0.9 0.9 0.9 0.1 0.1 0.9 0.9 0.9 0.9 0.1 0.1 0.9 0.9 0.9 0.9 0.1 0.1 0.9 0.9 0.9 0.9 0.1 0.1 0.9 0.9 0.9 0.9 0.1 0.1 0.9 0.9 
0.9 0.1 0.1 0.1 0.1 0.9 0.1 0.1 0.9 0.9 0.1 0.1 0.9 0.9 0.9 0.9 0.1 0.1 0.9 0.9 0.1 0.1 0.1 0.9 0.9 0.1 0.1 0.9 0.9 0.9 0.1 0.1 0.1 0.1 0.1 0.1 
0.9 0.1 0.1 0.1 0.1 0.9 0.1 0.1 0.9 0.9 0.1 0.1 0.1 0.1 0.9 0.9 0.1 0.1 0.1 0.1 0.9 0.9 0.1 0.1 0.1 0.1 0.9 0.9 0.1 0.1 0.9 0.1 0.1 0.1 0.1 0.9 
0.9 0.1 0.1 0.1 0.1 0.9 0.1 0.1 0.9 0.9 0.1 0.1 0.1 0.1 0.9 0.9 0.1 0.1 0.1 0.1 0.9 0.9 0.1 0.1 0.1 0.1 0.9 0.9 0.1 0.1 0.9 0.1 0.1 0.1 0.1 0.9 
0.9 0.1 0.1 0.1 0.1 0.9 0.1 0.1 0.9 0.9 0.1 0.1 0.9 0.9 0.9 0.9 0.1 0.1 0.9 0.9 0.1 0.1 0.1 0.9 0.9 0.1 0.1 0.9 0.9 0.9 0.1 0.1 0.1 0.1 0.1 0.1 
0.9 0.1 0.1 0.1 0.1 0.9 0.1 0.1 0.9 0.9 0.1 0.1 0.9 0.9 0.9 0.9 0.1 0.1 0.9 0.9 0.1 0.1 0.1 0.9 0.9 0.1 0.1 0.9 0.9 0.9 0.1 0.1 0.1 0.1 0.1 0.1 
0.9 0.9 0.1 0.1 0.9 0.9 0.9 0.9 0.1 0.1 0.9 0.9 0.9 0.9 0.1 0.1 0.9 0.9 0.9 0.9 0.1 0.1 0.9 0.9 0.9 0.9 0.1 0.1 0.9 0.9 0.9 0.9 0.1 0.1 0.9 0.9 
0.9 0.1 0.1 0.1 0.1 0.9 0.1 0.1 0.9 0.9 0.1 0.1 0.9 0.9 0.9 0.9 0.1 0.1 0.9 0.9 0.1 0.1 0.1 0.9 0.9 0.1 0.1 0.9 0.9 0.9 0.1 0.1 0.1 0.1 0.1 0.1 
0.9 0.1 0.1 0.1 0.1 0.9 0.1 0.1 0.9 0.9 0.1 0.1 0.9 0.9 0.9 0.9 0.1 0.1 0.9 0.9 0.1 0.1 0.1 0.9 0.9 0.1 0.1 0.9 0.9 0.9 0.1 0.1 0.1 0.1 0.1 0.1 
0.9 0.9 0.1 0.1 0.9 0.9 0.9 0.9 0.1 0.1 0.9 0.9 0.9 0.9 0.1 0.1 0.9 0.9 0.9 0.9 0.1 0.1 0.9 0.9 0.9 0.9 0.1 0.1 0.9 0.9 0.9 0.9 0.1 0.1 0.9 0.9 
0.9 0.1 0.1 0.1 0.1 0.9 0.1 0.1 0.9 0.9 0.1 0.1 0.9 0.9 0.9 0.9 0.1 0.1 0.9 0.9 0.1 0.1 0.1 0.9 0.9 0.1 0.1 0.9 0.9 0.9 0.1 0.1 0.1 0.1 0.1 0.1 
0.9 0.9 0.1 0.1 0.9 0.9 0.9 0.9 0.1 0.1 0.9 0.9 0.9 0.9 0.1 0.1 0.9 0.9 0.9 0.9 0.1 0.1 0.9 0.9 0.9 0.9 0.1 0.1 0.9 0.9 0.9 0.9 0.1 0.1 0.9 0.9 
0.9 0.1 0.1 0.1 0.1 0.9 0.1 0.1 0.9 0.9 0.1 0.1 0.1 0.1 0.9 0.9 0.1 0.1 0.1 0.1 0.9 0.9 0.1 0.1 0.1 0.1 0.9 0.9 0.1 0.1 0.9 0.1 0.1 0.1 0.1 0.9 
0.9 0.1 0.1 0.1 0.1 0.9 0.1 0.1 0.9 0.9 0.1 0.1 0.9 0.9 0.9 0.9 0.1 0.1 0.9 0.9 0.1 0.1 0.1 0.9 0.9 0.1 0.1 0.9 0.9 0.9 0.1 0.1 0.1 0.1 0.1 0.1 
0.9 0.1 0.1 0.1 0.1 0.9 0.1 0.1 0.9 0.9 0.1 0.1 0.9 0.9 0.9 0.9 0.1 0.1 0.9 0.9 0.1 0.1 0.1 0.9 0.9 0.1 0.1 0.9 0.9 0.9 0.1 0.1 0.1 0.1 0.1 0.1 
0.9 0.1 0.1 0.1 0.1 0.9 0.1 0.1 0.9 0.9 0.1 0.1 0.1 0.1 0.9 0.9 0.1 0.1 0.1 0.1 0.9 0.9 0.1 0.1 0.1 0.1 0.9 0.9 0.1 0.1 0.9 0.1 0.1 0.1 0.1 0.9 
0.9 0.1 0.1 0.1 0.1 0.9 0.1 0.1 0.9 0.9 0.1 0.1 0.1 0.1 0.9 0.9 0.1 0.1 0.1 0.1 0.9 0.9 0.1 0.1 0.1 0.1 0.9 0.9 0.1 0.1 0.9 0.1 0.1 0.1 0.1 0.9 
0.9 0.1 0.1 0.1 0.1 0.9 0.1 0.1 0.9 0.9 0.1 0.1 0.1 0.1 0.9 0.9 0.1 0.1 0.1 0.1 0.9 0.9 0.1 0.1 0.1 0.1 0.9 0.9 0.1 0.1 0.9 0.1 0.1 0.1 0.1 0.9 
0.9 0.9 0.1 0.1 0.9 0.9 0.9 0.9 0.1 0.1 0.9 0.9 0.9 0.9 0.1 0.1 0.9 0.9 0.9 0.9 0.1 0.1 0.9 0.9 0.9 0.9 0.1 0.1 0.9 0.9 0.9 0.9 0.1 0.1 0.9 0.9 
0.9 0.1 0.1 0.1 0.1 0.9 0.1 0.1 0.9 0.9 0.1 0.1 0.9 0.9 0.9 0.9 0.1 0.1 0.9 0.9 0.1 0.1 0.1 0.9 0.9 0.1 0.1 0.9 0.9 0.9 0.1 0.1 0.1 0.1 0.1 0.1 
0.9 0.9 0.1 0.1 0.9 0.9 0.9 0.9 0.1 0.1 0.9 0.9 0.9 0.9 0.1 0.1 0.9 0.9 0.9 0.9 0.1 0.1 0.9 0.9 0.9 0.9 0.1 0.1 0.9 0.9 0.9 0.9 0.1 0.1 0.9 0.9 
0.9 0.1 0.1 0.1 0.1 0.9 0.1 0.1 0.9 0.9 0.1 0.1 0.9 0.9 0.9 0.9 0.1 0.1 0.9 0.9 0.1 0.1 0.1 0.9 0.9 0.1 0.1 0.9 0.9 0.9 0.1 0.1 0.1 0.1 0.1 0.1 
0.9 0.1 0.1 0.1 0.1 0.9 0.1 0.1 0.9 0.9 0.1 0.1 0.9 0.9 0.9 0.9 0.1 0.1 0.9 0.9 0.1 0.1 0.1 0.9 0.9 0.1 0.1 0.9 0.9 0.9 0.1 0.1 0.1 0.1 0.1 0.1 
0.9 0.9 0.1 0.1 0.9 0.9 0.9 0.9 0.1 0.1 0.9 0.9 0.9 0.9 0.1 0.1 0.9 0.9 0.9 0.9 0.1 0.1 0.9 0.9 0.9 0.9 0.1 0.1 0.9 0.9 0.9 0.9 0.1 0.1 0.9 0.9 
0.9 0.1 0.1 0.1 0.1 0.9 0.1 0.1 0.9 0.9 0.1 0.1 0.9 0.9 0.9 0.9 0.1 0.1 0.9 0.9 0.1 0.1 0.1 0.9 0.9 0.1 0.1 0.9 0.9 0.9 0.1 0.1 0.1 0.1 0.1 0.1 
0.9 0.1 0.1 0.1 0.1 0.9 0.1 0.1 0.9 0.9 0.1 0.1 0.9 0.9 0.9 0.9 0.1 0.1 0.9 0.9 0.1 0.1 0.1 0.9 0.9 0.1 0.1 0.9 0.9 0.9 0.1 0.1 0.1 0.1 0.1 0.1 
0.9 0.1 0.1 0.1 0.1 0.9 0.1 0.1 0.9 0.9 0.1 0.1 0.1 0.1 0.9 0.9 0.1 0.1 0.1 0.1 0.9 0.9 0.1 0.1 0.1 0.1 0.9 0.9 0.1 0.1 0.9 0.1 0.1 0.1 0.1 0.9 
0.9 0.1 0.1 0.1 0.1 0.9 0.1 0.1 0.9 0.9 0.1 0.1 0.1 0.1 0.9 0.9 0.1 0.1 0.1 0.1 0.9 0.9 0.1 0.1 0.1 0.1 0.9 0.9 0.1 0.1 0.9 0.1 0.1 0.1 0.1 0.9 
0.9 0.9 0.1 0.1 0.9 0.9 0.9 0.9 0.1 0.1 0.9 0.9 0.9 0.9 0.1 0.1 0.9 0.9 0.9 0.9 0.1 0.1 0.9 0.9 0.9 0.9 0.1 0.1 0.9 0.9 0.9 0.9 0.1 0.1 0.9 0.9 
0.9 0.1 0.1 0.1 0.1 0.9 0.1 0.1 0.9 0.9 0.1 0.1 0.1 0.1 0.9 0.9 0.1 0.1 0.1 0.1 0.9 0.9 0.1 0.1 0.1 0.1 0.9 0.9 0.1 0.1 0.9 0.1 0.1 0.1 0.1 0.9 
0.9 0.1 0.1 0.1 0.1 0.9 0.1 0.1 0.9 0.9 0.1 0.1 0.9 0.9 0.9 0.9 0.1 0.1 0.9 0.9 0.1 0.1 0.1 0.9 0.9 0.1 0.1 0.9 0.9 0.9 0.1 0.1 0.1 0.1 0.1 0.1 
0.9 0.1 0.1 0.1 0.1 0.9 0.1 0.1 0.9 0.9 0.1 0.1 0.1 0.1 0.9 0.9 0.1 0.1 0.1 0.1 0.9 0.9 0.1 0.1 0.1 0.1 0.9 0.9 0.1 0.1 0.9 0.1 0.1 0.1 0.1 0.9 
0.9 0.1 0.1 0.1 0.1 0.9 0.1 0.1 0.9 0.9 0.1 0.1 0.1 0.1 0.9 0.9 0.1 0.1 0.1 0.1 0.9 0.9 0.1 0.1 0.1 0.1 0.9 0.9 0.1 0.1 0.9 0.1 0.1 0.1 0.1 0.9 
0.9 0.1 0.1 0.1 0.1 0.9 0.1 0.1 0.9 0.9 0.1 0.1 0.9 0.9 0.9 0.9 0.1 0.1 0.9 0.9 0.1 0.1 0.1 0.9 0.9 0.1 0.1 0.9 0.9 0.9 0.1 0.1 0.1 0.1 0.1 0.1 
0.9 0.9 0.1 0.1 0.9 0.9 0.9 0.9 0.1 0.1 0.9 0.9 0.9 0.9 0.1 0.1 0.9 0.9 0.9 0.9 0.1 0.1 0.9 0.9 0.9 0.9 0.1 0.1 0.9 0.9 0.9 0.9 0.1 0.1 0.9 0.9 
0.9 0.1 0.1 0.1 0.1 0.9 0.1 0.1 0.9 0.9 0.1 0.1 0.9 0.9 0.9 0.9 0.1 0.1 0.9 0.9 0.1 0.1 0.1 0.9 0.9 0.1 0.1 0.9 0.9 0.9 0.1 0.1 0.1 0.1 0.1 0.1 
0.9 0.1 0.1 0.1 0.1 0.9 0.1 0.1 0.9 0.9 0.1 0.1 0.9 0.9 0.9 0.9 0.1 0.1 0.9 0.9 0.1 0.1 0.1 0.9 0.9 0.1 0.1 0.9 0.9 0.9 0.1 0.1 0.1 0.1 0.1 0.1 
0.9 0.1 0.1 0.1 0.1 0.9 0.1 0.1 0.9 0.9 0.1 0.1 0.9 0.9 0.9 0.9 0.1 0.1 0.9 0.9 0.1 0.1 0.1 0.9 0.9 0.1 0.1 0.9 0.9 0.9 0.1 0.1 0.1 0.1 0.1 0.1 
0.9 0.9 0.1 0.1 0.9 0.9 0.9 0.9 0.1 0.1 0.9 0.9 0.9 0.9 0.1 0.1 0.9 0.9 0.9 0.9 0.1 0.1 0.9 0.9 0.9 0.9 0.1 0.1 0.9 0.9 0.9 0.9 0.1 0.1 0.9 0.9 
0.9 0.9 0.1 0.1 0.9 0.9 0.9 0.9 0.1 0.1 0.9 0.9 0.9 0.9 0.1 0.1 0.9 0.9 0.9 0.9 0.1 0.1 0.9 0.9 0.9 0.9 0.1 0.1 0.9 0.9 0.9 0.9 0.1 0.1 0.9 0.9 
0.9 0.9 0.1 0.1 0.9 0.9 0.9 0.9 0.1 0.1 0.9 0.9 0.9 0.9 0.1 0.1 0.9 0.9 0.9 0.9 0.1 0.1 0.9 0.9 0.9 0.9 0.1 0.1 0.9 0.9 0.9 0.9 0.1 0.1 0.9 0.9 
0.9 0.9 0.1 0.1 0.9 0.9 0.9 0.9 0.1 0.1 0.9 0.9 0.9 0.9 0.1 0.1 0.9 0.9 0.9 0.9 0.1 0.1 0.9 0.9 0.9 0.9 0.1 0.1 0.9 0.9 0.9 0.9 0.1 0.1 0.9 0.9 
0.9 0.9 0.1 0.1 0.9 0.9 0.9 0.9 0.1 0.1 0.9 0.9 0.9 0.9 0.1 0.1 0.9 0.9 0.9 0.9 0.1 0.1 0.9 0.9 0.9 0.9 0.1 0.1 0.9 0.9 0.9 0.9 0.1 0.1 0.9 0.9 
0.9 0.1 0.1 0.1 0.1 0.9 0.1 0.1 0.9 0.9 0.1 0.1 0.1 0.1 0.9 0.9 0.1 0.1 0.1 0.1 0.9 0.9 0.1 0.1 0.1 0.1 0.9 0.9 0.1 0.1 0.9 0.1 0.1 0.1 0.1 0.9 
0.9 0.9 0.1 0.1 0.9 0.9 0.9 0.9 0.1 0.1 0.9 0.9 0.9 0.9 0.1 0.1 0.9 0.9 0.9 0.9 0.1 0.1 0.9 0.9 0.9 0.9 0.1 0.1 0.9 0.9 0.9 0.9 0.1 0.1 0.9 0.9 
0.9 0.1 0.1 0.1 0.1 0.9 0.1 0.1 0.9 0.9 0.1 0.1 0.1 0.1 0.9 0.9 0.1 0.1 0.1 0.1 0.9 0.9 0.1 0.1 0.1 0.1 0.9 0.9 0.1 0.1 0.9 0.1 0.1 0.1 0.1 0.9 
0.9 0.1 0.1 0.1 0.1 0.9 0.1 0.1 0.9 0.9 0.1 0.1 0.1 0.1 0.9 0.9 0.1 0.1 0.1 0.1 0.9 0.9 0.1 0.1 0.1 0.1 0.9 0.9 0.1 0.1 0.9 0.1 0.1 0.1 0.1 0.9 
0.9 0.1 0.1 0.1 0.1 0.9 0.1 0.1 0.9 0.9 0.1 0.1 0.9 0.9 0.9 0.9 0.1 0.1 0.9 0.9 0.1 0.1 0.1 0.9 0.9 0.1 0.1 0.9 0.9 0.9 0.1 0.1 0.1 0.1 0.1 0.1 
0.9 0.9 0.1 0.1 0.9 0.9 0.9 0.9 0.1 0.1 0.9 0.9 0.9 0.9 0.1 0.1 0.9 0.9 0.9 0.9 0.1 0.1 0.9 0.9 0.9 0.9 0.1 0.1 0.9 0.9 0.9 0.9 0.1 0.1 0.9 0.9 
0.9 0.1 0.1 0.1 0.1 0.9 0.1 0.1 0.9 0.9 0.1 0.1 0.9 0.9 0.9 0.9 0.1 0.1 0.9 0.9 0.1 0.1 0.1 0.9 0.9 0.1 0.1 0.9 0.9 0.9 0.1 0.1 0.1 0.1 0.1 0.1 
0.9 0.1 0.1 0.1 0.1 0.9 0.1 0.1 0.9 0.9 0.1 0.1 0.9 0.9 0.9 0.9 0.1 0.1 0.9 0.9 0.1 0.1 0.1 0.9 0.9 0.1 0.1 0.9 0.9 0.9 0.1 0.1 0.1 0.1 0.1 0.1 
0.9 0.1 0.1 0.1 0.1 0.9 0.1 0.1 0.9 0.9 0.1 0.1 0.9 0.9 0.9 0.9 0.1 0.1 0.9 0.9 0.1 0.1 0.1 0.9 0.9 0.1 0.1 0.9 0.9 0.9 0.1 0.1 0.1 0.1 0.1 0.1 
0.9 0.1 0.1 0.1 0.1 0.9 0.1 0.1 0.9 0.9 0.1 0.1 0.9 0.9 0.9 0.9 0.1 0.1 0.9 0.9 0.1 0.1 0.1 0.9 0.9 0.1 0.1 0.9 0.9 0.9 0.1 0.1 0.1 0.1 0.1 0.1 
0.9 0.9 0.1 0.1 0.9 0.9 0.9 0.9 0.1 0.1 0.9 0.9 0.9 0.9 0.1 0.1 0.9 0.9 0.9 0.9 0.1 0.1 0.9 0.9 0.9 0.9 0.1 0.1 0.9 0.9 0.9 0.9 0.1 0.1 0.9 0.9 
0.9 0.1 0.1 0.1 0.1 0.9 0.1 0.1 0.9 0.9 0.1 0.1 0.9 0.9 0.9 0.9 0.1 0.1 0.9 0.9 0.1 0.1 0.1 0.9 0.9 0.1 0.1 0.9 0.9 0.9 0.1 0.1 0.1 0.1 0.1 0.1 
0.9 0.9 0.1 0.1 0.9 0.9 0.9 0.9 0.1 0.1 0.9 0.9 0.9 0.9 0.1 0.1 0.9 0.9 0.9 0.9 0.1 0.1 0.9 0.9 0.9 0.9 0.1 0.1 0.9 0.9 0.9 0.9 0.1 0.1 0.9 0.9 
0.9 0.9 0.1 0.1 0.9 0.9 0.9 0.9 0.1 0.1 0.9 0.9 0.9 0.9 0.1 0.1 0.9 0.9 0.9 0.9 0.1 0.1 0.9 0.9 0.9 0.9 0.1 0.1 0.9 0.9 0.9 0.9 0.1 0.1 0.9 0.9 
0.9 0.1 0.1 0.1 0.1 0.9 0.1 0.1 0.9 0.9 0.1 0.1 0.1 0.1 0.9 0.9 0.1 0.1 0.1 0.1 0.9 0.9 0.1 0.1 0.1 0.1 0.9 0.9 0.1 0.1 0.9 0.1 0.1 0.1 0.1 0.9 
0.9 0.1 0.1 0.1 0.1 0.9 0.1 0.1 0.9 0.9 0.1 0.1 0.1 0.1 0.9 0.9 0.1 0.1 0.1 0.1 0.9 0.9 0.1 0.1 0.1 0.1 0.9 0.9 0.1 0.1 0.9 0.1 0.1 0.1 0.1 0.9 
0.9 0.1 0.1 0.1 0.1 0.9 0.1 0.1 0.9 0.9 0.1 0.1 0.1 0.1 0.9 0.9 0.1 0.1 0.1 0.1 0.9 0.9 0.1 0.1 0.1 0.1 0.9 0.9 0.1 0.1 0.9 0.1 0.1 0.1 0.1 0.9 
0.9 0.1 0.1 0.1 0.1 0.9 0.1 0.1 0.9 0.9 0.1 0.1 0.1 0.1 0.9 0.9 0.1 0.1 0.1 0.1 0.9 0.9 0.1 0.1 0.1 0.1 0.9 0.9 0.1 0.1 0.9 0.1 0.1 0.1 0.1 0.9 
0.9 0.1 0.1 0.1 0.1 0.9 0.1 0.1 0.9 0.9 0.1 0.1 0.1 0.1 0.9 0.9 0.1 0.1 0.1 0.1 0.9 0.9 0.1 0.1 0.1 0.1 0.9 0.9 0.1 0.1 0.9 0.1 0.1 0.1 0.1 0.9 
0.9 0.9 0.1 0.1 0.9 0.9 0.9 0.9 0.1 0.1 0.9 0.9 0.9 0.9 0.1 0.1 0.9 0.9 0.9 0.9 0.1 0.1 0.9 0.9 0.9 0.9 0.1 0.1 0.9 0.9 0.9 0.9 0.1 0.1 0.9 0.9 
0.9 0.9 0.1 0.1 0.9 0.9 0.9 0.9 0.1 0.1 0.9 0.9 0.9 0.9 0.1 0.1 0.9 0.9 0.9 0.9 0.1 0.1 0.9 0.9 0.9 0.9 0.1 0.1 0.9 0.9 0.9 0.9 0.1 0.1 0.9 0.9 
0.9 0.1 0.1 0.1 0.1 0.9 0.1 0.1 0.9 0.9 0.1 0.1 0.9 0.9 0.9 0.9 0.1 0.1 0.9 0.9 0.1 0.1 0.1 0.9 0.9 0.1 0.1 0.9 0.9 0.9 0.1 0.1 0.1 0.1 0.1 0.1 
0.9 0.1 0.1 0.1 0.1 0.9 0.1 0.1 0.9 0.9 0.1 0.1 0.9 0.9 0.9 0.9 0.1 0.1 0.9 0.9 0.1 0.1 0.1 0.9 0.9 0.1 0.1 0.9 0.9 0.9 0.1 0.1 0.1 0.1 0.1 0.1 
0.9 0.9 0.1 0.1 0.9 0.9 0.9 0.9 0.1 0.1 0.9 0.9 0.9 0.9 0.1 0.1 0.9 0.9 0.9 0.9 0.1 0.1 0.9 0.9 0.9 0.9 0.1 0.1 0.9 0.9 0.9 0.9 0.1 0.1 0.9 0.9 
0.9 0.9 0.1 0.1 0.9 0.9 0.9 0.9 0.1 0.1 0.9 0.9 0.9 0.9 0.1 0.1 0.9 0.9 0.9 0.9 0.1 0.1 0.9 0.9 0.9 0.9 0.1 0.1 0.9 0.9 0.9 0.9 0.1 0.1 0.9 0.9 
0.9 0.1 0.1 0.1 0.1 0.9 0.1 0.1 0.9 0.9 0.1 0.1 0.1 0.1 0.9 0.9 0.1 0.1 0.1 0.1 0.9 0.9 0.1 0.1 0.1 0.1 0.9 0.9 0.1 0.1 0.9 0.1 0.1 0.1 0.1 0.9 
0.9 0.1 0.1 0.1 0.1 0.9 0.1 0.1 0.9 0.9 0.1 0.1 0.1 0.1 0.9 0.9 0.1 0.1 0.1 0.1 0.9 0.9 0.1 0.1 0.1 0.1 0.9 0.9 0.1 0.1 0.9 0.1 0.1 0.1 0.1 0.9 
0.9 0.9 0.1 0.1 0.9 0.9 0.9 0.9 0.1 0.1 0.9 0.9 0.9 0.9 0.1 0.1 0.9 0.9 0.9 0.9 0.1 0.1 0.9 0.9 0.9 0.9 0.1 0.1 0.9 0.9 0.9 0.9 0.1 0.1 0.9 0.9 
0.9 0.9 0.1 0.1 0.9 0.9 0.9 0.9 0.1 0.1 0.9 0.9 0.9 0.9 0.1 0.1 0.9 0.9 0.9 0.9 0.1 0.1 0.9 0.9 0.9 0.9 0.1 0.1 0.9 0.9 0.9 0.9 0.1 0.1 0.9 0.9 
0.9 0.1 0.1 0.1 0.1 0.9 0.1 0.1 0.9 0.9 0.1 0.1 0.9 0.9 0.9 0.9 0.1 0.1 0.9 0.9 0.1 0.1 0.1 0.9 0.9 0.1 0.1 0.9 0.9 0.9 0.1 0.1 0.1 0.1 0.1 0.1 
0.9 0.1 0.1 0.1 0.1 0.9 0.1 0.1 0.9 0.9 0.1 0.1 0.9 0.9 0.9 0.9 0.1 0.1 0.9 0.9 0.1 0.1 0.1 0.9 0.9 0.1 0.1 0.9 0.9 0.9 0.1 0.1 0.1 0.1 0.1 0.1 
0.9 0.9 0.1 0.1 0.9 0.9 0.9 0.9 0.1 0.1 0.9 0.9 0.9 0.9 0.1 0.1 0.9 0.9 0.9 0.9 0.1 0.1 0.9 0.9 0.9 0.9 0.1 0.1 0.9 0.9 0.9 0.9 0.1 0.1 0.9 0.9 
0.9 0.9 0.1 0.1 0.9 0.9 0.9 0.9 0.1 0.1 0.9 0.9 0.9 0.9 0.1 0.1 0.9 0.9 0.9 0.9 0.1 0.1 0.9 0.9 0.9 0.9 0.1 0.1 0.9 0.9 0.9 0.9 0.1 0.1 0.9 0.9 
0.9 0.1 0.1 0.1 0.1 0.9 0.1 0.1 0.9 0.9 0.1 0.1 0.1 0.1 0.9 0.9 0.1 0.1 0.1 0.1 0.9 0.9 0.1 0.1 0.1 0.1 0.9 0.9 0.1 0.1 0.9 0.1 0.1 0.1 0.1 0.9 
0.9 0.1 0.1 0.1 0.1 0.9 0.1 0.1 0.9 0.9 0.1 0.1 0.1 0.1 0.9 0.9 0.1 0.1 0.1 0.1 0.9 0.9 0.1 0.1 0.1 0.1 0.9 0.9 0.1 0.1 0.9 0.1 0.1 0.1 0.1 0.9 
0.9 0.9 0.1 0.1 0.9 0.9 0.9 0.9 0.1 0.1 0.9 0.9 0.9 0.9 0.1 0.1 0.9 0.9 0.9 0.9 0.1 0.1 0.9 0.9 0.9 0.9 0.1 0.1 0.9 0.9 0.9 0.9 0.1 0.1 0.9 0.9 
0.9 0.9 0.1 0.1 0.9 0.9 0.9 0.9 0.1 0.1 0.9 0.9 0.9 0.9 0.1 0.1 0.9 0.9 0.9 0.9 0.1 0.1 0.9 0.9 0.9 0.9 0.1 0.1 0.9 0.9 0.9 0.9 0.1 0.1 0.9 0.9 
--------------
test_output matrix
2 
1 
2 
2 
2 
0 
1 
1 
1 
0 
0 
0 
0 
2 
1 
1 
1 
2 
2 
0 
1 
2 
0 
0 
2 
2 
1 
2 
2 
1 
2 
1 
0 
2 
2 
0 
0 
0 
1 
2 
1 
2 
2 
1 
2 
2 
0 
0 
1 
0 
2 
0 
0 
2 
1 
2 
2 
2 
1 
1 
1 
1 
1 
0 
1 
0 
0 
2 
1 
2 
2 
2 
2 
1 
2 
1 
1 
0 
0 
0 
0 
0 
1 
1 
2 
2 
1 
1 
0 
0 
1 
1 
2 
2 
1 
1 
0 
0 
1 
1 
1 
--------------
Weight matrix
-0.099880415117 0.079768819655 -0.059925143903 -0.079988613694 0.059976968477 -0.040247368240 0.059842589722 0.069706735355 -0.079711936479 0.080290989032 0.070104606867 0.080322518845 -0.030043810637 -0.039980482298 -0.062048805083 0.060459045050 -0.049867944007 -0.049444735578 0.069290700622 -0.080493242688 
digit : 2
digit : 1
digit : 2
digit : 2
digit : 2
digit : 2
digit : 1
digit : 1
digit : 1
digit : 2
digit : 2
digit : 2
digit : 2
digit : 2
digit : 1
digit : 1
digit : 1
digit : 2
digit : 2
digit : 2
digit : 1
digit : 2
digit : 2
digit : 2
digit : 2
digit : 2
digit : 1
digit : 2
digit : 2
digit : 1
digit : 2
digit : 1
digit : 2
digit : 2
digit : 2
digit : 2
digit : 2
digit : 2
digit : 1
digit : 2
digit : 1
digit : 2
digit : 2
digit : 1
digit : 2
digit : 2
digit : 2
digit : 2
digit : 1
digit : 2
digit : 2
digit : 2
digit : 2
digit : 2
digit : 1
digit : 2
digit : 2
digit : 2
digit : 1
digit : 1
digit : 1
digit : 1
digit : 1
digit : 2
digit : 1
digit : 2
digit : 2
digit : 2
digit : 1
digit : 2
digit : 2
digit : 2
digit : 2
digit : 1
digit : 2
digit : 1
digit : 1
digit : 2
digit : 2
digit : 2
digit : 2
digit : 2
digit : 1
digit : 1
digit : 2
digit : 2
digit : 1
digit : 1
digit : 2
digit : 2
digit : 1
digit : 1
digit : 2
digit : 2
digit : 1
digit : 1
digit : 2
digit : 2
digit : 1
digit : 1
total : 100 validated : 71
accuracy : 0.710000000000
